C-R
f	тву	юву
0	1.0	0.0
1	0.999	0.001
2	0.998	0.003
3	0.998	0.004
4	0.997	0.005
5	0.996	0.006
6	0.995	0.008
7	0.994	0.009
8	0.994	0.01
9	0.993	0.011
10	0.992	0.013
11	0.991	0.014
12	0.99	0.015
13	0.99	0.016
14	0.989	0.018
15	0.988	0.019
16	0.987	0.02
17	0.986	0.021
18	0.986	0.023
19	0.985	0.024
20	0.984	0.025
21	0.983	0.026
22	0.982	0.028
23	0.982	0.029
24	0.981	0.03
25	0.98	0.031
26	0.979	0.033
27	0.978	0.034
28	0.978	0.035
29	0.977	0.036
30	0.976	0.038
31	0.975	0.039
32	0.974	0.04
33	0.974	0.041
34	0.973	0.043
35	0.972	0.044
36	0.971	0.045
37	0.97	0.046
38	0.97	0.048
39	0.969	0.049
40	0.968	0.05
41	0.967	0.051
42	0.966	0.053
43	0.966	0.054
44	0.965	0.055
45	0.964	0.056
46	0.963	0.058
47	0.962	0.059
48	0.962	0.06
49	0.961	0.061
50	0.96	0.063
51	0.959	0.064
52	0.958	0.065
53	0.958	0.066
54	0.957	0.068
55	0.956	0.069
56	0.955	0.07
57	0.954	0.071
58	0.954	0.073
59	0.953	0.074
60	0.952	0.075
61	0.951	0.076
62	0.95	0.078
63	0.95	0.079
64	0.949	0.08
65	0.948	0.081
66	0.947	0.083
67	0.947	0.084
68	0.946	0.085
69	0.945	0.086
70	0.944	0.088
71	0.943	0.089
72	0.943	0.09
73	0.942	0.091
74	0.941	0.093
75	0.94	0.094
76	0.939	0.095
77	0.939	0.096
78	0.938	0.098
79	0.937	0.099
80	0.936	0.1
81	0.935	0.101
82	0.935	0.103
83	0.934	0.104
84	0.933	0.105
85	0.932	0.106
86	0.931	0.107
87	0.931	0.109
88	0.93	0.11
89	0.929	0.111
90	0.928	0.112
91	0.928	0.114
92	0.927	0.115
93	0.926	0.116
94	0.925	0.117
95	0.924	0.119
96	0.924	0.12
97	0.923	0.121
98	0.922	0.122
99	0.921	0.123
100	0.92	0.125
101	0.92	0.126
102	0.919	0.127
103	0.918	0.128
104	0.917	0.13
105	0.916	0.131
106	0.916	0.132
107	0.915	0.133
108	0.914	0.134
109	0.913	0.136
110	0.913	0.137
111	0.912	0.138
112	0.911	0.139
113	0.91	0.141
114	0.909	0.142
115	0.909	0.143
116	0.908	0.144
117	0.907	0.145
118	0.906	0.147
119	0.906	0.148
120	0.905	0.149
121	0.904	0.15
122	0.903	0.152
123	0.902	0.153
124	0.902	0.154
125	0.901	0.155
126	0.9	0.156
127	0.899	0.158
128	0.898	0.159
129	0.898	0.16
130	0.897	0.161
131	0.896	0.162
132	0.895	0.164
133	0.895	0.165
134	0.894	0.166
135	0.893	0.167
136	0.892	0.168
137	0.891	0.17
138	0.891	0.171
139	0.89	0.172
140	0.889	0.173
141	0.888	0.174
142	0.888	0.176
143	0.887	0.177
144	0.886	0.178
145	0.885	0.179
146	0.884	0.18
147	0.884	0.182
148	0.883	0.183
149	0.882	0.184
150	0.881	0.185
151	0.881	0.186
152	0.88	0.188
153	0.879	0.189
154	0.878	0.19
155	0.878	0.191
156	0.877	0.192
157	0.876	0.194
158	0.875	0.195
159	0.874	0.196
160	0.874	0.197
161	0.873	0.198
162	0.872	0.199
163	0.871	0.201
164	0.871	0.202
165	0.87	0.203
166	0.869	0.204
167	0.868	0.205
168	0.868	0.207
169	0.867	0.208
170	0.866	0.209
171	0.865	0.21
172	0.864	0.211
173	0.864	0.212
174	0.863	0.214
175	0.862	0.215
176	0.861	0.216
177	0.861	0.217
178	0.86	0.218
179	0.859	0.219
180	0.858	0.221
181	0.858	0.222
182	0.857	0.223
183	0.856	0.224
184	0.855	0.225
185	0.855	0.226
186	0.854	0.228
187	0.853	0.229
188	0.852	0.23
189	0.852	0.231
190	0.851	0.232
191	0.85	0.233
192	0.849	0.235
193	0.849	0.236
194	0.848	0.237
195	0.847	0.238
196	0.846	0.239
197	0.846	0.24
198	0.845	0.241
199	0.844	0.243
200	0.843	0.244
201	0.842	0.245
202	0.842	0.246
203	0.841	0.247
204	0.84	0.248
205	0.839	0.249
206	0.839	0.251
207	0.838	0.252
208	0.837	0.253
209	0.836	0.254
210	0.836	0.255
211	0.835	0.256
212	0.834	0.257
213	0.834	0.259
214	0.833	0.26
215	0.832	0.261
216	0.831	0.262
217	0.831	0.263
218	0.83	0.264
219	0.829	0.265
220	0.828	0.266
221	0.828	0.268
222	0.827	0.269
223	0.826	0.27
224	0.825	0.271
225	0.825	0.272
226	0.824	0.273
227	0.823	0.274
228	0.822	0.275
229	0.822	0.277
230	0.821	0.278
231	0.82	0.279
232	0.819	0.28
233	0.819	0.281
234	0.818	0.282
235	0.817	0.283
236	0.816	0.284
237	0.816	0.285
238	0.815	0.287
239	0.814	0.288
240	0.814	0.289
241	0.813	0.29
242	0.812	0.291
243	0.811	0.292
244	0.811	0.293
245	0.81	0.294
246	0.809	0.295
247	0.808	0.296
248	0.808	0.298
249	0.807	0.299
250	0.806	0.3
251	0.805	0.301
252	0.805	0.302
253	0.804	0.303
254	0.803	0.304
255	0.803	0.305
256	0.802	0.306
257	0.801	0.307
258	0.8	0.308
259	0.8	0.309
260	0.799	0.311
261	0.798	0.312
262	0.798	0.313
263	0.797	0.314
264	0.796	0.315
265	0.795	0.316
266	0.795	0.317
267	0.794	0.318
268	0.793	0.319
269	0.792	0.32
270	0.792	0.321
271	0.791	0.322
272	0.79	0.323
273	0.79	0.324
274	0.789	0.326
275	0.788	0.327
276	0.787	0.328
277	0.787	0.329
278	0.786	0.33
279	0.785	0.331
280	0.785	0.332
281	0.784	0.333
282	0.783	0.334
283	0.782	0.335
284	0.782	0.336
285	0.781	0.337
286	0.78	0.338
287	0.78	0.339
288	0.779	0.34
289	0.778	0.341
290	0.778	0.342
291	0.777	0.343
292	0.776	0.344
293	0.775	0.346
294	0.775	0.347
295	0.774	0.348
296	0.773	0.349
297	0.773	0.35
298	0.772	0.351
299	0.771	0.352
300	0.77	0.353
301	0.77	0.354
302	0.769	0.355
303	0.768	0.356
304	0.768	0.357
305	0.767	0.358
306	0.766	0.359
307	0.766	0.36
308	0.765	0.361
309	0.764	0.362
310	0.764	0.363
311	0.763	0.364
312	0.762	0.365
313	0.761	0.366
314	0.761	0.367
315	0.76	0.368
316	0.759	0.369
317	0.759	0.37
318	0.758	0.371
319	0.757	0.372
320	0.757	0.373
321	0.756	0.374
322	0.755	0.375
323	0.755	0.376
324	0.754	0.377
325	0.753	0.378
326	0.752	0.379
327	0.752	0.38
328	0.751	0.381
329	0.75	0.382
330	0.75	0.383
331	0.749	0.384
332	0.748	0.385
333	0.748	0.386
334	0.747	0.387
335	0.746	0.388
336	0.746	0.389
337	0.745	0.39
338	0.744	0.391
339	0.744	0.392
340	0.743	0.393
341	0.742	0.394
342	0.742	0.395
343	0.741	0.396
344	0.74	0.397
345	0.74	0.398
346	0.739	0.399
347	0.738	0.4
348	0.738	0.401
349	0.737	0.402
350	0.736	0.403
351	0.736	0.404
352	0.735	0.405
353	0.734	0.405
354	0.734	0.406
355	0.733	0.407
356	0.732	0.408
357	0.732	0.409
358	0.731	0.41
359	0.73	0.411
360	0.73	0.412
361	0.729	0.413
362	0.728	0.414
363	0.728	0.415
364	0.727	0.416
365	0.726	0.417
366	0.726	0.418
367	0.725	0.419
368	0.724	0.42
369	0.724	0.421
370	0.723	0.422
371	0.722	0.423
372	0.722	0.423
373	0.721	0.424
374	0.72	0.425
375	0.72	0.426
376	0.719	0.427
377	0.718	0.428
378	0.718	0.429
379	0.717	0.43
380	0.716	0.431
381	0.716	0.432
382	0.715	0.433
383	0.714	0.434
384	0.714	0.435
385	0.713	0.436
386	0.712	0.436
387	0.712	0.437
388	0.711	0.438
389	0.711	0.439
390	0.71	0.44
391	0.709	0.441
392	0.709	0.442
393	0.708	0.443
394	0.707	0.444
395	0.707	0.445
396	0.706	0.446
397	0.705	0.446
398	0.705	0.447
399	0.704	0.448
400	0.703	0.449
401	0.703	0.45
402	0.702	0.451
403	0.702	0.452
404	0.701	0.453
405	0.7	0.454
406	0.7	0.454
407	0.699	0.455
408	0.698	0.456
409	0.698	0.457
410	0.697	0.458
411	0.696	0.459
412	0.696	0.46
413	0.695	0.461
414	0.695	0.462
415	0.694	0.462
416	0.693	0.463
417	0.693	0.464
418	0.692	0.465
419	0.691	0.466
420	0.691	0.467
421	0.69	0.468
422	0.69	0.469
423	0.689	0.469
424	0.688	0.47
425	0.688	0.471
426	0.687	0.472
427	0.686	0.473
428	0.686	0.474
429	0.685	0.475
430	0.685	0.475
431	0.684	0.476
432	0.683	0.477
433	0.683	0.478
434	0.682	0.479
435	0.682	0.48
436	0.681	0.48
437	0.68	0.481
438	0.68	0.482
439	0.679	0.483
440	0.678	0.484
441	0.678	0.485
442	0.677	0.486
443	0.677	0.486
444	0.676	0.487
445	0.675	0.488
446	0.675	0.489
447	0.674	0.49
448	0.674	0.491
449	0.673	0.491
450	0.672	0.492
451	0.672	0.493
452	0.671	0.494
453	0.671	0.495
454	0.67	0.496
455	0.669	0.496
456	0.669	0.497
457	0.668	0.498
458	0.668	0.499
459	0.667	0.5
460	0.666	0.5
461	0.666	0.501
462	0.665	0.502
463	0.665	0.503
464	0.664	0.504
465	0.663	0.505
466	0.663	0.505
467	0.662	0.506
468	0.662	0.507
469	0.661	0.508
470	0.66	0.509
471	0.66	0.509
472	0.659	0.51
473	0.659	0.511
474	0.658	0.512
475	0.657	0.513
476	0.657	0.513
477	0.656	0.514
478	0.656	0.515
479	0.655	0.516
480	0.654	0.517
481	0.654	0.517
482	0.653	0.518
483	0.653	0.519
484	0.652	0.52
485	0.652	0.52
486	0.651	0.521
487	0.65	0.522
488	0.65	0.523
489	0.649	0.524
490	0.649	0.524
491	0.648	0.525
492	0.647	0.526
493	0.647	0.527
494	0.646	0.527
495	0.646	0.528
496	0.645	0.529
497	0.645	0.53
498	0.644	0.53
499	0.643	0.531
500	0.643	0.532
501	0.642	0.533
502	0.642	0.534
503	0.641	0.534
504	0.641	0.535
505	0.64	0.536
506	0.639	0.537
507	0.639	0.537
508	0.638	0.538
509	0.638	0.539
510	0.637	0.54
511	0.637	0.54
512	0.636	0.541
513	0.635	0.542
514	0.635	0.543
515	0.634	0.543
516	0.634	0.544
517	0.633	0.545
518	0.633	0.546
519	0.632	0.546
520	0.632	0.547
521	0.631	0.548
522	0.63	0.548
523	0.63	0.549
524	0.629	0.55
525	0.629	0.551
526	0.628	0.551
527	0.628	0.552
528	0.627	0.553
529	0.627	0.554
530	0.626	0.554
531	0.625	0.555
532	0.625	0.556
533	0.624	0.556
534	0.624	0.557
535	0.623	0.558
536	0.623	0.559
537	0.622	0.559
538	0.622	0.56
539	0.621	0.561
540	0.62	0.562
541	0.62	0.562
542	0.619	0.563
543	0.619	0.564
544	0.618	0.564
545	0.618	0.565
546	0.617	0.566
547	0.617	0.566
548	0.616	0.567
549	0.616	0.568
550	0.615	0.569
551	0.614	0.569
552	0.614	0.57
553	0.613	0.571
554	0.613	0.571
555	0.612	0.572
556	0.612	0.573
557	0.611	0.573
558	0.611	0.574
559	0.61	0.575
560	0.61	0.576
561	0.609	0.576
562	0.609	0.577
563	0.608	0.578
564	0.607	0.578
565	0.607	0.579
566	0.606	0.58
567	0.606	0.58
568	0.605	0.581
569	0.605	0.582
570	0.604	0.582
571	0.604	0.583
572	0.603	0.584
573	0.603	0.584
574	0.602	0.585
575	0.602	0.586
576	0.601	0.586
577	0.601	0.587
578	0.6	0.588
579	0.6	0.588
580	0.599	0.589
581	0.599	0.59
582	0.598	0.59
583	0.597	0.591
584	0.597	0.592
585	0.596	0.592
586	0.596	0.593
587	0.595	0.594
588	0.595	0.594
589	0.594	0.595
590	0.594	0.596
591	0.593	0.596
592	0.593	0.597
593	0.592	0.598
594	0.592	0.598
595	0.591	0.599
596	0.591	0.599
597	0.59	0.6
598	0.59	0.601
599	0.589	0.601
600	0.589	0.602
601	0.588	0.603
602	0.588	0.603
603	0.587	0.604
604	0.587	0.605
605	0.586	0.605
606	0.586	0.606
607	0.585	0.606
608	0.585	0.607
609	0.584	0.608
610	0.584	0.608
611	0.583	0.609
612	0.583	0.61
613	0.582	0.61
614	0.582	0.611
615	0.581	0.611
616	0.581	0.612
617	0.58	0.613
618	0.58	0.613
619	0.579	0.614
620	0.579	0.615
621	0.578	0.615
622	0.578	0.616
623	0.577	0.616
624	0.577	0.617
625	0.576	0.618
626	0.576	0.618
627	0.575	0.619
628	0.575	0.619
629	0.574	0.62
630	0.574	0.621
631	0.573	0.621
632	0.573	0.622
633	0.572	0.623
634	0.572	0.623
635	0.571	0.624
636	0.571	0.624
637	0.57	0.625
638	0.57	0.626
639	0.569	0.626
640	0.569	0.627
641	0.568	0.627
642	0.568	0.628
643	0.567	0.628
644	0.567	0.629
645	0.566	0.63
646	0.566	0.63
647	0.565	0.631
648	0.565	0.631
649	0.564	0.632
650	0.564	0.633
651	0.563	0.633
652	0.563	0.634
653	0.563	0.634
654	0.562	0.635
655	0.562	0.636
656	0.561	0.636
657	0.561	0.637
658	0.56	0.637
659	0.56	0.638
660	0.559	0.638
661	0.559	0.639
662	0.558	0.64
663	0.558	0.64
664	0.557	0.641
665	0.557	0.641
666	0.556	0.642
667	0.556	0.642
668	0.555	0.643
669	0.555	0.644
670	0.554	0.644
671	0.554	0.645
672	0.554	0.645
673	0.553	0.646
674	0.553	0.646
675	0.552	0.647
676	0.552	0.647
677	0.551	0.648
678	0.551	0.649
679	0.55	0.649
680	0.55	0.65
681	0.549	0.65
682	0.549	0.651
683	0.548	0.651
684	0.548	0.652
685	0.548	0.652
686	0.547	0.653
687	0.547	0.653
688	0.546	0.654
689	0.546	0.655
690	0.545	0.655
691	0.545	0.656
692	0.544	0.656
693	0.544	0.657
694	0.543	0.657
695	0.543	0.658
696	0.543	0.658
697	0.542	0.659
698	0.542	0.659
699	0.541	0.66
700	0.541	0.66
701	0.54	0.661
702	0.54	0.662
703	0.539	0.662
704	0.539	0.663
705	0.538	0.663
706	0.538	0.664
707	0.538	0.664
708	0.537	0.665
709	0.537	0.665
710	0.536	0.666
711	0.536	0.666
712	0.535	0.667
713	0.535	0.667
714	0.534	0.668
715	0.534	0.668
716	0.534	0.669
717	0.533	0.669
718	0.533	0.67
719	0.532	0.67
720	0.532	0.671
721	0.531	0.671
722	0.531	0.672
723	0.53	0.672
724	0.53	0.673
725	0.53	0.673
726	0.529	0.674
727	0.529	0.674
728	0.528	0.675
729	0.528	0.675
730	0.527	0.676
731	0.527	0.676
732	0.527	0.677
733	0.526	0.678
734	0.526	0.678
735	0.525	0.678
736	0.525	0.679
737	0.524	0.679
738	0.524	0.68
739	0.524	0.68
740	0.523	0.681
741	0.523	0.681
742	0.522	0.682
743	0.522	0.682
744	0.521	0.683
745	0.521	0.683
746	0.521	0.684
747	0.52	0.684
748	0.52	0.685
749	0.519	0.685
750	0.519	0.686
751	0.518	0.686
752	0.518	0.687
753	0.518	0.687
754	0.517	0.688
755	0.517	0.688
756	0.516	0.689
757	0.516	0.689
758	0.515	0.69
759	0.515	0.69
760	0.515	0.691
761	0.514	0.691
762	0.514	0.692
763	0.513	0.692
764	0.513	0.693
765	0.513	0.693
766	0.512	0.694
767	0.512	0.694
768	0.511	0.694
769	0.511	0.695
770	0.51	0.695
771	0.51	0.696
772	0.51	0.696
773	0.509	0.697
774	0.509	0.697
775	0.508	0.698
776	0.508	0.698
777	0.508	0.699
778	0.507	0.699
779	0.507	0.7
780	0.506	0.7
781	0.506	0.7
782	0.506	0.701
783	0.505	0.701
784	0.505	0.702
785	0.504	0.702
786	0.504	0.703
787	0.504	0.703
788	0.503	0.704
789	0.503	0.704
790	0.502	0.705
791	0.502	0.705
792	0.502	0.705
793	0.501	0.706
794	0.501	0.706
795	0.5	0.707
796	0.5	0.707
797	0.5	0.708
798	0.499	0.708
799	0.499	0.709
800	0.498	0.709
801	0.498	0.709
802	0.498	0.71
803	0.497	0.71
804	0.497	0.711
805	0.496	0.711
806	0.496	0.712
807	0.496	0.712
808	0.495	0.712
809	0.495	0.713
810	0.494	0.713
811	0.494	0.714
812	0.494	0.714
813	0.493	0.715
814	0.493	0.715
815	0.492	0.715
816	0.492	0.716
817	0.492	0.716
818	0.491	0.717
819	0.491	0.717
820	0.49	0.718
821	0.49	0.718
822	0.49	0.718
823	0.489	0.719
824	0.489	0.719
825	0.489	0.72
826	0.488	0.72
827	0.488	0.721
828	0.487	0.721
829	0.487	0.721
830	0.487	0.722
831	0.486	0.722
832	0.486	0.723
833	0.485	0.723
834	0.485	0.723
835	0.485	0.724
836	0.484	0.724
837	0.484	0.725
838	0.484	0.725
839	0.483	0.726
840	0.483	0.726
841	0.482	0.726
842	0.482	0.727
843	0.482	0.727
844	0.481	0.728
845	0.481	0.728
846	0.481	0.728
847	0.48	0.729
848	0.48	0.729
849	0.479	0.73
850	0.479	0.73
851	0.479	0.73
852	0.478	0.731
853	0.478	0.731
854	0.478	0.732
855	0.477	0.732
856	0.477	0.732
857	0.476	0.733
858	0.476	0.733
859	0.476	0.734
860	0.475	0.734
861	0.475	0.734
862	0.475	0.735
863	0.474	0.735
864	0.474	0.736
865	0.473	0.736
866	0.473	0.736
867	0.473	0.737
868	0.472	0.737
869	0.472	0.737
870	0.472	0.738
871	0.471	0.738
872	0.471	0.739
873	0.471	0.739
874	0.47	0.739
875	0.47	0.74
876	0.469	0.74
877	0.469	0.741
878	0.469	0.741
879	0.468	0.741
880	0.468	0.742
881	0.468	0.742
882	0.467	0.742
883	0.467	0.743
884	0.467	0.743
885	0.466	0.744
886	0.466	0.744
887	0.466	0.744
888	0.465	0.745
889	0.465	0.745
890	0.464	0.745
891	0.464	0.746
892	0.464	0.746
893	0.463	0.747
894	0.463	0.747
895	0.463	0.747
896	0.462	0.748
897	0.462	0.748
898	0.462	0.748
899	0.461	0.749
900	0.461	0.749
901	0.461	0.75
902	0.46	0.75
903	0.46	0.75
904	0.46	0.751
905	0.459	0.751
906	0.459	0.751
907	0.458	0.752
908	0.458	0.752
909	0.458	0.752
910	0.457	0.753
911	0.457	0.753
912	0.457	0.753
913	0.456	0.754
914	0.456	0.754
915	0.456	0.755
916	0.455	0.755
917	0.455	0.755
918	0.455	0.756
919	0.454	0.756
920	0.454	0.756
921	0.454	0.757
922	0.453	0.757
923	0.453	0.757
924	0.453	0.758
925	0.452	0.758
926	0.452	0.758
927	0.452	0.759
928	0.451	0.759
929	0.451	0.759
930	0.451	0.76
931	0.45	0.76
932	0.45	0.76
933	0.45	0.761
934	0.449	0.761
935	0.449	0.762
936	0.449	0.762
937	0.448	0.762
938	0.448	0.763
939	0.448	0.763
940	0.447	0.763
941	0.447	0.764
942	0.447	0.764
943	0.446	0.764
944	0.446	0.765
945	0.446	0.765
946	0.445	0.765
947	0.445	0.766
948	0.445	0.766
949	0.444	0.766
950	0.444	0.767
951	0.444	0.767
952	0.443	0.767
953	0.443	0.768
954	0.443	0.768
955	0.442	0.768
956	0.442	0.769
957	0.442	0.769
958	0.441	0.769
959	0.441	0.77
960	0.441	0.77
961	0.44	0.77
962	0.44	0.771
963	0.44	0.771
964	0.439	0.771
965	0.439	0.772
966	0.439	0.772
967	0.438	0.772
968	0.438	0.772
969	0.438	0.773
970	0.437	0.773
971	0.437	0.773
972	0.437	0.774
973	0.436	0.774
974	0.436	0.774
975	0.436	0.775
976	0.435	0.775
977	0.435	0.775
978	0.435	0.776
979	0.435	0.776
980	0.434	0.776
981	0.434	0.777
982	0.434	0.777
983	0.433	0.777
984	0.433	0.778
985	0.433	0.778
986	0.432	0.778
987	0.432	0.778
988	0.432	0.779
989	0.431	0.779
990	0.431	0.779
991	0.431	0.78
992	0.43	0.78
993	0.43	0.78
994	0.43	0.781
995	0.429	0.781
996	0.429	0.781
997	0.429	0.782
998	0.429	0.782
999	0.428	0.782
1000	0.428	0.782
1001	0.428	0.783
1002	0.427	0.783
1003	0.427	0.783
1004	0.427	0.784
1005	0.426	0.784
1006	0.426	0.784
1007	0.426	0.785
1008	0.425	0.785
1009	0.425	0.785
1010	0.425	0.785
1011	0.425	0.786
1012	0.424	0.786
1013	0.424	0.786
1014	0.424	0.787
1015	0.423	0.787
1016	0.423	0.787
1017	0.423	0.788
1018	0.422	0.788
1019	0.422	0.788
1020	0.422	0.788
1021	0.421	0.789
1022	0.421	0.789
1023	0.421	0.789
1024	0.421	0.79
1025	0.42	0.79
1026	0.42	0.79
1027	0.42	0.79
1028	0.419	0.791
1029	0.419	0.791
1030	0.419	0.791
1031	0.418	0.792
1032	0.418	0.792
1033	0.418	0.792
1034	0.418	0.792
1035	0.417	0.793
1036	0.417	0.793
1037	0.417	0.793
1038	0.416	0.794
1039	0.416	0.794
1040	0.416	0.794
1041	0.416	0.794
1042	0.415	0.795
1043	0.415	0.795
1044	0.415	0.795
1045	0.414	0.796
1046	0.414	0.796
1047	0.414	0.796
1048	0.413	0.796
1049	0.413	0.797
1050	0.413	0.797
1051	0.413	0.797
1052	0.412	0.798
1053	0.412	0.798
1054	0.412	0.798
1055	0.411	0.798
1056	0.411	0.799
1057	0.411	0.799
1058	0.411	0.799
1059	0.41	0.799
1060	0.41	0.8
1061	0.41	0.8
1062	0.409	0.8
1063	0.409	0.801
1064	0.409	0.801
1065	0.409	0.801
1066	0.408	0.801
1067	0.408	0.802
1068	0.408	0.802
1069	0.407	0.802
1070	0.407	0.802
1071	0.407	0.803
1072	0.407	0.803
1073	0.406	0.803
1074	0.406	0.803
1075	0.406	0.804
1076	0.405	0.804
1077	0.405	0.804
1078	0.405	0.805
1079	0.405	0.805
1080	0.404	0.805
1081	0.404	0.805
1082	0.404	0.806
1083	0.403	0.806
1084	0.403	0.806
1085	0.403	0.806
1086	0.403	0.807
1087	0.402	0.807
1088	0.402	0.807
1089	0.402	0.807
1090	0.401	0.808
1091	0.401	0.808
1092	0.401	0.808
1093	0.401	0.808
1094	0.4	0.809
1095	0.4	0.809
1096	0.4	0.809
1097	0.4	0.809
1098	0.399	0.81
1099	0.399	0.81
1100	0.399	0.81
1101	0.398	0.81
1102	0.398	0.811
1103	0.398	0.811
1104	0.398	0.811
1105	0.397	0.811
1106	0.397	0.812
1107	0.397	0.812
1108	0.397	0.812
1109	0.396	0.812
1110	0.396	0.813
1111	0.396	0.813
1112	0.395	0.813
1113	0.395	0.813
1114	0.395	0.814
1115	0.395	0.814
1116	0.394	0.814
1117	0.394	0.814
1118	0.394	0.815
1119	0.394	0.815
1120	0.393	0.815
1121	0.393	0.815
1122	0.393	0.816
1123	0.392	0.816
1124	0.392	0.816
1125	0.392	0.816
1126	0.392	0.817
1127	0.391	0.817
1128	0.391	0.817
1129	0.391	0.817
1130	0.391	0.818
1131	0.39	0.818
1132	0.39	0.818
1133	0.39	0.818
1134	0.39	0.819
1135	0.389	0.819
1136	0.389	0.819
1137	0.389	0.819
1138	0.388	0.82
1139	0.388	0.82
1140	0.388	0.82
1141	0.388	0.82
1142	0.387	0.82
1143	0.387	0.821
1144	0.387	0.821
1145	0.387	0.821
1146	0.386	0.821
1147	0.386	0.822
1148	0.386	0.822
1149	0.386	0.822
1150	0.385	0.822
1151	0.385	0.823
1152	0.385	0.823
1153	0.385	0.823
1154	0.384	0.823
1155	0.384	0.823
1156	0.384	0.824
1157	0.384	0.824
1158	0.383	0.824
1159	0.383	0.824
1160	0.383	0.825
1161	0.383	0.825
1162	0.382	0.825
1163	0.382	0.825
1164	0.382	0.826
1165	0.382	0.826
1166	0.381	0.826
1167	0.381	0.826
1168	0.381	0.826
1169	0.38	0.827
1170	0.38	0.827
1171	0.38	0.827
1172	0.38	0.827
1173	0.379	0.828
1174	0.379	0.828
1175	0.379	0.828
1176	0.379	0.828
1177	0.378	0.828
1178	0.378	0.829
1179	0.378	0.829
1180	0.378	0.829
1181	0.377	0.829
1182	0.377	0.83
1183	0.377	0.83
1184	0.377	0.83
1185	0.376	0.83
1186	0.376	0.83
1187	0.376	0.831
1188	0.376	0.831
1189	0.375	0.831
1190	0.375	0.831
1191	0.375	0.831
1192	0.375	0.832
1193	0.374	0.832
1194	0.374	0.832
1195	0.374	0.832
1196	0.374	0.833
1197	0.374	0.833
1198	0.373	0.833
1199	0.373	0.833
1200	0.373	0.833
1201	0.373	0.834
1202	0.372	0.834
1203	0.372	0.834
1204	0.372	0.834
1205	0.372	0.834
1206	0.371	0.835
1207	0.371	0.835
1208	0.371	0.835
1209	0.371	0.835
1210	0.37	0.836
1211	0.37	0.836
1212	0.37	0.836
1213	0.37	0.836
1214	0.369	0.836
1215	0.369	0.837
1216	0.369	0.837
1217	0.369	0.837
1218	0.368	0.837
1219	0.368	0.837
1220	0.368	0.838
1221	0.368	0.838
1222	0.367	0.838
1223	0.367	0.838
1224	0.367	0.838
1225	0.367	0.839
1226	0.367	0.839
1227	0.366	0.839
1228	0.366	0.839
1229	0.366	0.839
1230	0.366	0.84
1231	0.365	0.84
1232	0.365	0.84
1233	0.365	0.84
1234	0.365	0.84
1235	0.364	0.841
1236	0.364	0.841
1237	0.364	0.841
1238	0.364	0.841
1239	0.363	0.841
1240	0.363	0.842
1241	0.363	0.842
1242	0.363	0.842
1243	0.363	0.842
1244	0.362	0.842
1245	0.362	0.843
1246	0.362	0.843
1247	0.362	0.843
1248	0.361	0.843
1249	0.361	0.843
1250	0.361	0.844
1251	0.361	0.844
1252	0.36	0.844
1253	0.36	0.844
1254	0.36	0.844
1255	0.36	0.845
1256	0.36	0.845
1257	0.359	0.845
1258	0.359	0.845
1259	0.359	0.845
1260	0.359	0.845
1261	0.358	0.846
1262	0.358	0.846
1263	0.358	0.846
1264	0.358	0.846
1265	0.357	0.846
1266	0.357	0.847
1267	0.357	0.847
1268	0.357	0.847
1269	0.357	0.847
1270	0.356	0.847
1271	0.356	0.848
1272	0.356	0.848
1273	0.356	0.848
1274	0.355	0.848
1275	0.355	0.848
1276	0.355	0.849
1277	0.355	0.849
1278	0.355	0.849
1279	0.354	0.849
1280	0.354	0.849
1281	0.354	0.849
1282	0.354	0.85
1283	0.353	0.85
1284	0.353	0.85
1285	0.353	0.85
1286	0.353	0.85
1287	0.353	0.851
1288	0.352	0.851
1289	0.352	0.851
1290	0.352	0.851
1291	0.352	0.851
1292	0.351	0.851
1293	0.351	0.852
1294	0.351	0.852
1295	0.351	0.852
1296	0.351	0.852
1297	0.35	0.852
1298	0.35	0.853
1299	0.35	0.853
1300	0.35	0.853
1301	0.349	0.853
1302	0.349	0.853
1303	0.349	0.853
1304	0.349	0.854
1305	0.349	0.854
1306	0.348	0.854
1307	0.348	0.854
1308	0.348	0.854
1309	0.348	0.854
1310	0.348	0.855
1311	0.347	0.855
1312	0.347	0.855
1313	0.347	0.855
1314	0.347	0.855
1315	0.346	0.856
1316	0.346	0.856
1317	0.346	0.856
1318	0.346	0.856
1319	0.346	0.856
1320	0.345	0.856
1321	0.345	0.857
1322	0.345	0.857
1323	0.345	0.857
1324	0.345	0.857
1325	0.344	0.857
1326	0.344	0.857
1327	0.344	0.858
1328	0.344	0.858
1329	0.343	0.858
1330	0.343	0.858
1331	0.343	0.858
1332	0.343	0.858
1333	0.343	0.859
1334	0.342	0.859
1335	0.342	0.859
1336	0.342	0.859
1337	0.342	0.859
1338	0.342	0.859
1339	0.341	0.86
1340	0.341	0.86
1341	0.341	0.86
1342	0.341	0.86
1343	0.341	0.86
1344	0.34	0.86
1345	0.34	0.861
1346	0.34	0.861
1347	0.34	0.861
1348	0.339	0.861
1349	0.339	0.861
1350	0.339	0.861
1351	0.339	0.862
1352	0.339	0.862
1353	0.338	0.862
1354	0.338	0.862
1355	0.338	0.862
1356	0.338	0.862
1357	0.338	0.863
1358	0.337	0.863
1359	0.337	0.863
1360	0.337	0.863
1361	0.337	0.863
1362	0.337	0.863
1363	0.336	0.864
1364	0.336	0.864
1365	0.336	0.864
1366	0.336	0.864
1367	0.336	0.864
1368	0.335	0.864
1369	0.335	0.865
1370	0.335	0.865
1371	0.335	0.865
1372	0.335	0.865
1373	0.334	0.865
1374	0.334	0.865
1375	0.334	0.866
1376	0.334	0.866
1377	0.334	0.866
1378	0.333	0.866
1379	0.333	0.866
1380	0.333	0.866
1381	0.333	0.866
1382	0.333	0.867
1383	0.332	0.867
1384	0.332	0.867
1385	0.332	0.867
1386	0.332	0.867
1387	0.332	0.867
1388	0.331	0.868
1389	0.331	0.868
1390	0.331	0.868
1391	0.331	0.868
1392	0.331	0.868
1393	0.33	0.868
1394	0.33	0.868
1395	0.33	0.869
1396	0.33	0.869
1397	0.33	0.869
1398	0.329	0.869
1399	0.329	0.869
1400	0.329	0.869
1401	0.329	0.87
1402	0.329	0.87
1403	0.328	0.87
1404	0.328	0.87
1405	0.328	0.87
1406	0.328	0.87
1407	0.328	0.87
1408	0.327	0.871
1409	0.327	0.871
1410	0.327	0.871
1411	0.327	0.871
1412	0.327	0.871
1413	0.327	0.871
1414	0.326	0.871
1415	0.326	0.872
1416	0.326	0.872
1417	0.326	0.872
1418	0.326	0.872
1419	0.325	0.872
1420	0.325	0.872
1421	0.325	0.873
1422	0.325	0.873
1423	0.325	0.873
1424	0.324	0.873
1425	0.324	0.873
1426	0.324	0.873
1427	0.324	0.873
1428	0.324	0.874
1429	0.323	0.874
1430	0.323	0.874
1431	0.323	0.874
1432	0.323	0.874
1433	0.323	0.874
1434	0.323	0.874
1435	0.322	0.875
1436	0.322	0.875
1437	0.322	0.875
1438	0.322	0.875
1439	0.322	0.875
1440	0.321	0.875
1441	0.321	0.875
1442	0.321	0.876
1443	0.321	0.876
1444	0.321	0.876
1445	0.32	0.876
1446	0.32	0.876
1447	0.32	0.876
1448	0.32	0.876
1449	0.32	0.877
1450	0.32	0.877
1451	0.319	0.877
1452	0.319	0.877
1453	0.319	0.877
1454	0.319	0.877
1455	0.319	0.877
1456	0.318	0.877
1457	0.318	0.878
1458	0.318	0.878
1459	0.318	0.878
1460	0.318	0.878
1461	0.318	0.878
1462	0.317	0.878
1463	0.317	0.878
1464	0.317	0.879
1465	0.317	0.879
1466	0.317	0.879
1467	0.316	0.879
1468	0.316	0.879
1469	0.316	0.879
1470	0.316	0.879
1471	0.316	0.88
1472	0.316	0.88
1473	0.315	0.88
1474	0.315	0.88
1475	0.315	0.88
1476	0.315	0.88
1477	0.315	0.88
1478	0.314	0.88
1479	0.314	0.881
1480	0.314	0.881
1481	0.314	0.881
1482	0.314	0.881
1483	0.314	0.881
1484	0.313	0.881
1485	0.313	0.881
1486	0.313	0.882
1487	0.313	0.882
1488	0.313	0.882
1489	0.312	0.882
1490	0.312	0.882
1491	0.312	0.882
1492	0.312	0.882
1493	0.312	0.882
1494	0.312	0.883
1495	0.311	0.883
1496	0.311	0.883
1497	0.311	0.883
1498	0.311	0.883
1499	0.311	0.883
1500	0.311	0.883
1501	0.31	0.884
1502	0.31	0.884
1503	0.31	0.884
1504	0.31	0.884
1505	0.31	0.884
1506	0.309	0.884
1507	0.309	0.884
1508	0.309	0.884
1509	0.309	0.885
1510	0.309	0.885
1511	0.309	0.885
1512	0.308	0.885
1513	0.308	0.885
1514	0.308	0.885
1515	0.308	0.885
1516	0.308	0.885
1517	0.308	0.886
1518	0.307	0.886
1519	0.307	0.886
1520	0.307	0.886
1521	0.307	0.886
1522	0.307	0.886
1523	0.307	0.886
1524	0.306	0.886
1525	0.306	0.887
1526	0.306	0.887
1527	0.306	0.887
1528	0.306	0.887
1529	0.305	0.887
1530	0.305	0.887
1531	0.305	0.887
1532	0.305	0.887
1533	0.305	0.888
1534	0.305	0.888
1535	0.304	0.888
1536	0.304	0.888
1537	0.304	0.888
1538	0.304	0.888
1539	0.304	0.888
1540	0.304	0.888
1541	0.303	0.889
1542	0.303	0.889
1543	0.303	0.889
1544	0.303	0.889
1545	0.303	0.889
1546	0.303	0.889
1547	0.302	0.889
1548	0.302	0.889
1549	0.302	0.889
1550	0.302	0.89
1551	0.302	0.89
1552	0.302	0.89
1553	0.301	0.89
1554	0.301	0.89
1555	0.301	0.89
1556	0.301	0.89
1557	0.301	0.89
1558	0.301	0.891
1559	0.3	0.891
1560	0.3	0.891
1561	0.3	0.891
1562	0.3	0.891
1563	0.3	0.891
1564	0.3	0.891
1565	0.299	0.891
1566	0.299	0.891
1567	0.299	0.892
1568	0.299	0.892
1569	0.299	0.892
1570	0.299	0.892
1571	0.298	0.892
1572	0.298	0.892
1573	0.298	0.892
1574	0.298	0.892
1575	0.298	0.893
1576	0.298	0.893
1577	0.298	0.893
1578	0.297	0.893
1579	0.297	0.893
1580	0.297	0.893
1581	0.297	0.893
1582	0.297	0.893
1583	0.297	0.893
1584	0.296	0.894
1585	0.296	0.894
1586	0.296	0.894
1587	0.296	0.894
1588	0.296	0.894
1589	0.296	0.894
1590	0.295	0.894
1591	0.295	0.894
1592	0.295	0.894
1593	0.295	0.895
1594	0.295	0.895
1595	0.295	0.895
1596	0.294	0.895
1597	0.294	0.895
1598	0.294	0.895
1599	0.294	0.895
1600	0.294	0.895
1601	0.294	0.895
1602	0.294	0.896
1603	0.293	0.896
1604	0.293	0.896
1605	0.293	0.896
1606	0.293	0.896
1607	0.293	0.896
1608	0.293	0.896
1609	0.292	0.896
1610	0.292	0.896
1611	0.292	0.897
1612	0.292	0.897
1613	0.292	0.897
1614	0.292	0.897
1615	0.291	0.897
1616	0.291	0.897
1617	0.291	0.897
1618	0.291	0.897
1619	0.291	0.897
1620	0.291	0.898
1621	0.291	0.898
1622	0.29	0.898
1623	0.29	0.898
1624	0.29	0.898
1625	0.29	0.898
1626	0.29	0.898
1627	0.29	0.898
1628	0.289	0.898
1629	0.289	0.899
1630	0.289	0.899
1631	0.289	0.899
1632	0.289	0.899
1633	0.289	0.899
1634	0.289	0.899
1635	0.288	0.899
1636	0.288	0.899
1637	0.288	0.899
1638	0.288	0.899
1639	0.288	0.9
1640	0.288	0.9
1641	0.287	0.9
1642	0.287	0.9
1643	0.287	0.9
1644	0.287	0.9
1645	0.287	0.9
1646	0.287	0.9
1647	0.287	0.9
1648	0.286	0.901
1649	0.286	0.901
1650	0.286	0.901
1651	0.286	0.901
1652	0.286	0.901
1653	0.286	0.901
1654	0.285	0.901
1655	0.285	0.901
1656	0.285	0.901
1657	0.285	0.901
1658	0.285	0.902
1659	0.285	0.902
1660	0.285	0.902
1661	0.284	0.902
1662	0.284	0.902
1663	0.284	0.902
1664	0.284	0.902
1665	0.284	0.902
1666	0.284	0.902
1667	0.284	0.902
1668	0.283	0.903
1669	0.283	0.903
1670	0.283	0.903
1671	0.283	0.903
1672	0.283	0.903
1673	0.283	0.903
1674	0.283	0.903
1675	0.282	0.903
1676	0.282	0.903
1677	0.282	0.903
1678	0.282	0.904
1679	0.282	0.904
1680	0.282	0.904
1681	0.281	0.904
1682	0.281	0.904
1683	0.281	0.904
1684	0.281	0.904
1685	0.281	0.904
1686	0.281	0.904
1687	0.281	0.904
1688	0.28	0.905
1689	0.28	0.905
1690	0.28	0.905
1691	0.28	0.905
1692	0.28	0.905
1693	0.28	0.905
1694	0.28	0.905
1695	0.279	0.905
1696	0.279	0.905
1697	0.279	0.905
1698	0.279	0.905
1699	0.279	0.906
1700	0.279	0.906
1701	0.279	0.906
1702	0.278	0.906
1703	0.278	0.906
1704	0.278	0.906
1705	0.278	0.906
1706	0.278	0.906
1707	0.278	0.906
1708	0.278	0.906
1709	0.277	0.907
1710	0.277	0.907
1711	0.277	0.907
1712	0.277	0.907
1713	0.277	0.907
1714	0.277	0.907
1715	0.277	0.907
1716	0.276	0.907
1717	0.276	0.907
1718	0.276	0.907
1719	0.276	0.907
1720	0.276	0.908
1721	0.276	0.908
1722	0.276	0.908
1723	0.275	0.908
1724	0.275	0.908
1725	0.275	0.908
1726	0.275	0.908
1727	0.275	0.908
1728	0.275	0.908
1729	0.275	0.908
1730	0.274	0.908
1731	0.274	0.909
1732	0.274	0.909
1733	0.274	0.909
1734	0.274	0.909
1735	0.274	0.909
1736	0.274	0.909
1737	0.273	0.909
1738	0.273	0.909
1739	0.273	0.909
1740	0.273	0.909
1741	0.273	0.909
1742	0.273	0.91
1743	0.273	0.91
1744	0.273	0.91
1745	0.272	0.91
1746	0.272	0.91
1747	0.272	0.91
1748	0.272	0.91
1749	0.272	0.91
1750	0.272	0.91
1751	0.272	0.91
1752	0.271	0.91
1753	0.271	0.911
1754	0.271	0.911
1755	0.271	0.911
1756	0.271	0.911
1757	0.271	0.911
1758	0.271	0.911
1759	0.27	0.911
1760	0.27	0.911
1761	0.27	0.911
1762	0.27	0.911
1763	0.27	0.911
1764	0.27	0.912
1765	0.27	0.912
1766	0.27	0.912
1767	0.269	0.912
1768	0.269	0.912
1769	0.269	0.912
1770	0.269	0.912
1771	0.269	0.912
1772	0.269	0.912
1773	0.269	0.912
1774	0.268	0.912
1775	0.268	0.912
1776	0.268	0.913
1777	0.268	0.913
1778	0.268	0.913
1779	0.268	0.913
1780	0.268	0.913
1781	0.268	0.913
1782	0.267	0.913
1783	0.267	0.913
1784	0.267	0.913
1785	0.267	0.913
1786	0.267	0.913
1787	0.267	0.914
1788	0.267	0.914
1789	0.266	0.914
1790	0.266	0.914
1791	0.266	0.914
1792	0.266	0.914
1793	0.266	0.914
1794	0.266	0.914
1795	0.266	0.914
1796	0.266	0.914
1797	0.265	0.914
1798	0.265	0.914
1799	0.265	0.915
1800	0.265	0.915
1801	0.265	0.915
1802	0.265	0.915
1803	0.265	0.915
1804	0.264	0.915
1805	0.264	0.915
1806	0.264	0.915
1807	0.264	0.915
1808	0.264	0.915
1809	0.264	0.915
1810	0.264	0.915
1811	0.264	0.916
1812	0.263	0.916
1813	0.263	0.916
1814	0.263	0.916
1815	0.263	0.916
1816	0.263	0.916
1817	0.263	0.916
1818	0.263	0.916
1819	0.263	0.916
1820	0.262	0.916
1821	0.262	0.916
1822	0.262	0.916
1823	0.262	0.916
1824	0.262	0.917
1825	0.262	0.917
1826	0.262	0.917
1827	0.262	0.917
1828	0.261	0.917
1829	0.261	0.917
1830	0.261	0.917
1831	0.261	0.917
1832	0.261	0.917
1833	0.261	0.917
1834	0.261	0.917
1835	0.26	0.917
1836	0.26	0.918
1837	0.26	0.918
1838	0.26	0.918
1839	0.26	0.918
1840	0.26	0.918
1841	0.26	0.918
1842	0.26	0.918
1843	0.259	0.918
1844	0.259	0.918
1845	0.259	0.918
1846	0.259	0.918
1847	0.259	0.918
1848	0.259	0.918
1849	0.259	0.919
1850	0.259	0.919
1851	0.258	0.919
1852	0.258	0.919
1853	0.258	0.919
1854	0.258	0.919
1855	0.258	0.919
1856	0.258	0.919
1857	0.258	0.919
1858	0.258	0.919
1859	0.257	0.919
1860	0.257	0.919
1861	0.257	0.919
1862	0.257	0.92
1863	0.257	0.92
1864	0.257	0.92
1865	0.257	0.92
1866	0.257	0.92
1867	0.257	0.92
1868	0.256	0.92
1869	0.256	0.92
1870	0.256	0.92
1871	0.256	0.92
1872	0.256	0.92
1873	0.256	0.92
1874	0.256	0.92
1875	0.256	0.921
1876	0.255	0.921
1877	0.255	0.921
1878	0.255	0.921
1879	0.255	0.921
1880	0.255	0.921
1881	0.255	0.921
1882	0.255	0.921
1883	0.255	0.921
1884	0.254	0.921
1885	0.254	0.921
1886	0.254	0.921
1887	0.254	0.921
1888	0.254	0.921
1889	0.254	0.922
1890	0.254	0.922
1891	0.254	0.922
1892	0.253	0.922
1893	0.253	0.922
1894	0.253	0.922
1895	0.253	0.922
1896	0.253	0.922
1897	0.253	0.922
1898	0.253	0.922
1899	0.253	0.922
1900	0.253	0.922
1901	0.252	0.922
1902	0.252	0.923
1903	0.252	0.923
1904	0.252	0.923
1905	0.252	0.923
1906	0.252	0.923
1907	0.252	0.923
1908	0.252	0.923
1909	0.251	0.923
1910	0.251	0.923
1911	0.251	0.923
1912	0.251	0.923
1913	0.251	0.923
1914	0.251	0.923
1915	0.251	0.923
1916	0.251	0.924
1917	0.25	0.924
1918	0.25	0.924
1919	0.25	0.924
1920	0.25	0.924
1921	0.25	0.924
1922	0.25	0.924
1923	0.25	0.924
1924	0.25	0.924
1925	0.25	0.924
1926	0.249	0.924
1927	0.249	0.924
1928	0.249	0.924
1929	0.249	0.924
1930	0.249	0.924
1931	0.249	0.925
1932	0.249	0.925
1933	0.249	0.925
1934	0.249	0.925
1935	0.248	0.925
1936	0.248	0.925
1937	0.248	0.925
1938	0.248	0.925
1939	0.248	0.925
1940	0.248	0.925
1941	0.248	0.925
1942	0.248	0.925
1943	0.247	0.925
1944	0.247	0.925
1945	0.247	0.926
1946	0.247	0.926
1947	0.247	0.926
1948	0.247	0.926
1949	0.247	0.926
1950	0.247	0.926
1951	0.247	0.926
1952	0.246	0.926
1953	0.246	0.926
1954	0.246	0.926
1955	0.246	0.926
1956	0.246	0.926
1957	0.246	0.926
1958	0.246	0.926
1959	0.246	0.926
1960	0.246	0.927
1961	0.245	0.927
1962	0.245	0.927
1963	0.245	0.927
1964	0.245	0.927
1965	0.245	0.927
1966	0.245	0.927
1967	0.245	0.927
1968	0.245	0.927
1969	0.245	0.927
1970	0.244	0.927
1971	0.244	0.927
1972	0.244	0.927
1973	0.244	0.927
1974	0.244	0.927
1975	0.244	0.928
1976	0.244	0.928
1977	0.244	0.928
1978	0.244	0.928
1979	0.243	0.928
1980	0.243	0.928
1981	0.243	0.928
1982	0.243	0.928
1983	0.243	0.928
1984	0.243	0.928
1985	0.243	0.928
1986	0.243	0.928
1987	0.243	0.928
1988	0.242	0.928
1989	0.242	0.928
1990	0.242	0.929
1991	0.242	0.929
1992	0.242	0.929
1993	0.242	0.929
1994	0.242	0.929
1995	0.242	0.929
1996	0.242	0.929
1997	0.241	0.929
1998	0.241	0.929
1999	0.241	0.929
2000	0.241	0.929
2001	0.241	0.929
2002	0.241	0.929
2003	0.241	0.929
2004	0.241	0.929
2005	0.241	0.929
2006	0.24	0.93
2007	0.24	0.93
2008	0.24	0.93
2009	0.24	0.93
2010	0.24	0.93
2011	0.24	0.93
2012	0.24	0.93
2013	0.24	0.93
2014	0.24	0.93
2015	0.239	0.93
2016	0.239	0.93
2017	0.239	0.93
2018	0.239	0.93
2019	0.239	0.93
2020	0.239	0.93
2021	0.239	0.93
2022	0.239	0.931
2023	0.239	0.931
2024	0.238	0.931
2025	0.238	0.931
2026	0.238	0.931
2027	0.238	0.931
2028	0.238	0.931
2029	0.238	0.931
2030	0.238	0.931
2031	0.238	0.931
2032	0.238	0.931
2033	0.238	0.931
2034	0.237	0.931
2035	0.237	0.931
2036	0.237	0.931
2037	0.237	0.931
2038	0.237	0.932
2039	0.237	0.932
2040	0.237	0.932
2041	0.237	0.932
2042	0.237	0.932
2043	0.236	0.932
2044	0.236	0.932
2045	0.236	0.932
2046	0.236	0.932
2047	0.236	0.932
2048	0.236	0.932
2049	0.236	0.932
2050	0.236	0.932
2051	0.236	0.932
2052	0.236	0.932
2053	0.235	0.932
2054	0.235	0.932
2055	0.235	0.933
2056	0.235	0.933
2057	0.235	0.933
2058	0.235	0.933
2059	0.235	0.933
2060	0.235	0.933
2061	0.235	0.933
2062	0.234	0.933
2063	0.234	0.933
2064	0.234	0.933
2065	0.234	0.933
2066	0.234	0.933
2067	0.234	0.933
2068	0.234	0.933
2069	0.234	0.933
2070	0.234	0.933
2071	0.234	0.933
2072	0.233	0.934
2073	0.233	0.934
2074	0.233	0.934
2075	0.233	0.934
2076	0.233	0.934
2077	0.233	0.934
2078	0.233	0.934
2079	0.233	0.934
2080	0.233	0.934
2081	0.233	0.934
2082	0.232	0.934
2083	0.232	0.934
2084	0.232	0.934
2085	0.232	0.934
2086	0.232	0.934
2087	0.232	0.934
2088	0.232	0.934
2089	0.232	0.934
2090	0.232	0.935
2091	0.232	0.935
2092	0.231	0.935
2093	0.231	0.935
2094	0.231	0.935
2095	0.231	0.935
2096	0.231	0.935
2097	0.231	0.935
2098	0.231	0.935
2099	0.231	0.935
2100	0.231	0.935
2101	0.23	0.935
2102	0.23	0.935
2103	0.23	0.935
2104	0.23	0.935
2105	0.23	0.935
2106	0.23	0.935
2107	0.23	0.936
2108	0.23	0.936
2109	0.23	0.936
2110	0.23	0.936
2111	0.229	0.936
2112	0.229	0.936
2113	0.229	0.936
2114	0.229	0.936
2115	0.229	0.936
2116	0.229	0.936
2117	0.229	0.936
2118	0.229	0.936
2119	0.229	0.936
2120	0.229	0.936
2121	0.229	0.936
2122	0.228	0.936
2123	0.228	0.936
2124	0.228	0.936
2125	0.228	0.936
2126	0.228	0.937
2127	0.228	0.937
2128	0.228	0.937
2129	0.228	0.937
2130	0.228	0.937
2131	0.228	0.937
2132	0.227	0.937
2133	0.227	0.937
2134	0.227	0.937
2135	0.227	0.937
2136	0.227	0.937
2137	0.227	0.937
2138	0.227	0.937
2139	0.227	0.937
2140	0.227	0.937
2141	0.227	0.937
2142	0.226	0.937
2143	0.226	0.937
2144	0.226	0.938
2145	0.226	0.938
2146	0.226	0.938
2147	0.226	0.938
2148	0.226	0.938
2149	0.226	0.938
2150	0.226	0.938
2151	0.226	0.938
2152	0.225	0.938
2153	0.225	0.938
2154	0.225	0.938
2155	0.225	0.938
2156	0.225	0.938
2157	0.225	0.938
2158	0.225	0.938
2159	0.225	0.938
2160	0.225	0.938
2161	0.225	0.938
2162	0.225	0.938
2163	0.224	0.939
2164	0.224	0.939
2165	0.224	0.939
2166	0.224	0.939
2167	0.224	0.939
2168	0.224	0.939
2169	0.224	0.939
2170	0.224	0.939
2171	0.224	0.939
2172	0.224	0.939
2173	0.223	0.939
2174	0.223	0.939
2175	0.223	0.939
2176	0.223	0.939
2177	0.223	0.939
2178	0.223	0.939
2179	0.223	0.939
2180	0.223	0.939
2181	0.223	0.939
2182	0.223	0.939
2183	0.223	0.94
2184	0.222	0.94
2185	0.222	0.94
2186	0.222	0.94
2187	0.222	0.94
2188	0.222	0.94
2189	0.222	0.94
2190	0.222	0.94
2191	0.222	0.94
2192	0.222	0.94
2193	0.222	0.94
2194	0.222	0.94
2195	0.221	0.94
2196	0.221	0.94
2197	0.221	0.94
2198	0.221	0.94
2199	0.221	0.94
2200	0.221	0.94
2201	0.221	0.94
2202	0.221	0.94
2203	0.221	0.941
2204	0.221	0.941
2205	0.22	0.941
2206	0.22	0.941
2207	0.22	0.941
2208	0.22	0.941
2209	0.22	0.941
2210	0.22	0.941
2211	0.22	0.941
2212	0.22	0.941
2213	0.22	0.941
2214	0.22	0.941
2215	0.22	0.941
2216	0.219	0.941
2217	0.219	0.941
2218	0.219	0.941
2219	0.219	0.941
2220	0.219	0.941
2221	0.219	0.941
2222	0.219	0.941
2223	0.219	0.941
2224	0.219	0.942
2225	0.219	0.942
2226	0.219	0.942
2227	0.218	0.942
2228	0.218	0.942
2229	0.218	0.942
2230	0.218	0.942
2231	0.218	0.942
2232	0.218	0.942
2233	0.218	0.942
2234	0.218	0.942
2235	0.218	0.942
2236	0.218	0.942
2237	0.218	0.942
2238	0.217	0.942
2239	0.217	0.942
2240	0.217	0.942
2241	0.217	0.942
2242	0.217	0.942
2243	0.217	0.942
2244	0.217	0.942
2245	0.217	0.943
2246	0.217	0.943
2247	0.217	0.943
2248	0.217	0.943
2249	0.217	0.943
2250	0.216	0.943
2251	0.216	0.943
2252	0.216	0.943
2253	0.216	0.943
2254	0.216	0.943
2255	0.216	0.943
2256	0.216	0.943
2257	0.216	0.943
2258	0.216	0.943
2259	0.216	0.943
2260	0.216	0.943
2261	0.215	0.943
2262	0.215	0.943
2263	0.215	0.943
2264	0.215	0.943
2265	0.215	0.943
2266	0.215	0.944
2267	0.215	0.944
2268	0.215	0.944
2269	0.215	0.944
2270	0.215	0.944
2271	0.215	0.944
2272	0.214	0.944
2273	0.214	0.944
2274	0.214	0.944
2275	0.214	0.944
2276	0.214	0.944
2277	0.214	0.944
2278	0.214	0.944
2279	0.214	0.944
2280	0.214	0.944
2281	0.214	0.944
2282	0.214	0.944
2283	0.214	0.944
2284	0.213	0.944
2285	0.213	0.944
2286	0.213	0.944
2287	0.213	0.944
2288	0.213	0.945
2289	0.213	0.945
2290	0.213	0.945
2291	0.213	0.945
2292	0.213	0.945
2293	0.213	0.945
2294	0.213	0.945
2295	0.212	0.945
2296	0.212	0.945
2297	0.212	0.945
2298	0.212	0.945
2299	0.212	0.945
2300	0.212	0.945
2301	0.212	0.945
2302	0.212	0.945
2303	0.212	0.945
2304	0.212	0.945
2305	0.212	0.945
2306	0.212	0.945
2307	0.211	0.945
2308	0.211	0.945
2309	0.211	0.945
2310	0.211	0.945
2311	0.211	0.946
2312	0.211	0.946
2313	0.211	0.946
2314	0.211	0.946
2315	0.211	0.946
2316	0.211	0.946
2317	0.211	0.946
2318	0.211	0.946
2319	0.21	0.946
2320	0.21	0.946
2321	0.21	0.946
2322	0.21	0.946
2323	0.21	0.946
2324	0.21	0.946
2325	0.21	0.946
2326	0.21	0.946
2327	0.21	0.946
2328	0.21	0.946
2329	0.21	0.946
2330	0.21	0.946
2331	0.209	0.946
2332	0.209	0.946
2333	0.209	0.946
2334	0.209	0.946
2335	0.209	0.947
2336	0.209	0.947
2337	0.209	0.947
2338	0.209	0.947
2339	0.209	0.947
2340	0.209	0.947
2341	0.209	0.947
2342	0.209	0.947
2343	0.208	0.947
2344	0.208	0.947
2345	0.208	0.947
2346	0.208	0.947
2347	0.208	0.947
2348	0.208	0.947
2349	0.208	0.947
2350	0.208	0.947
2351	0.208	0.947
2352	0.208	0.947
2353	0.208	0.947
2354	0.208	0.947
2355	0.207	0.947
2356	0.207	0.947
2357	0.207	0.947
2358	0.207	0.947
2359	0.207	0.948
2360	0.207	0.948
2361	0.207	0.948
2362	0.207	0.948
2363	0.207	0.948
2364	0.207	0.948
2365	0.207	0.948
2366	0.207	0.948
2367	0.206	0.948
2368	0.206	0.948
2369	0.206	0.948
2370	0.206	0.948
2371	0.206	0.948
2372	0.206	0.948
2373	0.206	0.948
2374	0.206	0.948
2375	0.206	0.948
2376	0.206	0.948
2377	0.206	0.948
2378	0.206	0.948
2379	0.206	0.948
2380	0.205	0.948
2381	0.205	0.948
2382	0.205	0.948
2383	0.205	0.949
2384	0.205	0.949
2385	0.205	0.949
2386	0.205	0.949
2387	0.205	0.949
2388	0.205	0.949
2389	0.205	0.949
2390	0.205	0.949
2391	0.205	0.949
2392	0.204	0.949
2393	0.204	0.949
2394	0.204	0.949
2395	0.204	0.949
2396	0.204	0.949
2397	0.204	0.949
2398	0.204	0.949
2399	0.204	0.949
2400	0.204	0.949
2401	0.204	0.949
2402	0.204	0.949
2403	0.204	0.949
2404	0.204	0.949
2405	0.203	0.949
2406	0.203	0.949
2407	0.203	0.949
2408	0.203	0.949
2409	0.203	0.95
2410	0.203	0.95
2411	0.203	0.95
2412	0.203	0.95
2413	0.203	0.95
2414	0.203	0.95
2415	0.203	0.95
2416	0.203	0.95
2417	0.202	0.95
2418	0.202	0.95
2419	0.202	0.95
2420	0.202	0.95
2421	0.202	0.95
2422	0.202	0.95
2423	0.202	0.95
2424	0.202	0.95
2425	0.202	0.95
2426	0.202	0.95
2427	0.202	0.95
2428	0.202	0.95
2429	0.202	0.95
2430	0.201	0.95
2431	0.201	0.95
2432	0.201	0.95
2433	0.201	0.95
2434	0.201	0.95
2435	0.201	0.951
2436	0.201	0.951
2437	0.201	0.951
2438	0.201	0.951
2439	0.201	0.951
2440	0.201	0.951
2441	0.201	0.951
2442	0.201	0.951
2443	0.2	0.951
2444	0.2	0.951
2445	0.2	0.951
2446	0.2	0.951
2447	0.2	0.951
2448	0.2	0.951
2449	0.2	0.951
2450	0.2	0.951
2451	0.2	0.951
2452	0.2	0.951
2453	0.2	0.951
2454	0.2	0.951
2455	0.2	0.951
2456	0.199	0.951
2457	0.199	0.951
2458	0.199	0.951
2459	0.199	0.951
2460	0.199	0.951
2461	0.199	0.951
2462	0.199	0.952
2463	0.199	0.952
2464	0.199	0.952
2465	0.199	0.952
2466	0.199	0.952
2467	0.199	0.952
2468	0.199	0.952
2469	0.198	0.952
2470	0.198	0.952
2471	0.198	0.952
2472	0.198	0.952
2473	0.198	0.952
2474	0.198	0.952
2475	0.198	0.952
2476	0.198	0.952
2477	0.198	0.952
2478	0.198	0.952
2479	0.198	0.952
2480	0.198	0.952
2481	0.198	0.952
2482	0.198	0.952
2483	0.197	0.952
2484	0.197	0.952
2485	0.197	0.952
2486	0.197	0.952
2487	0.197	0.952
2488	0.197	0.952
2489	0.197	0.953
2490	0.197	0.953
2491	0.197	0.953
2492	0.197	0.953
2493	0.197	0.953
2494	0.197	0.953
2495	0.197	0.953
2496	0.196	0.953
2497	0.196	0.953
2498	0.196	0.953
2499	0.196	0.953
2500	0.196	0.953
2501	0.196	0.953
2502	0.196	0.953
2503	0.196	0.953
2504	0.196	0.953
2505	0.196	0.953
2506	0.196	0.953
2507	0.196	0.953
2508	0.196	0.953
2509	0.196	0.953
2510	0.195	0.953
2511	0.195	0.953
2512	0.195	0.953
2513	0.195	0.953
2514	0.195	0.953
2515	0.195	0.953
2516	0.195	0.953
2517	0.195	0.953
2518	0.195	0.954
2519	0.195	0.954
2520	0.195	0.954
2521	0.195	0.954
2522	0.195	0.954
2523	0.195	0.954
2524	0.194	0.954
2525	0.194	0.954
2526	0.194	0.954
2527	0.194	0.954
2528	0.194	0.954
2529	0.194	0.954
2530	0.194	0.954
2531	0.194	0.954
2532	0.194	0.954
2533	0.194	0.954
2534	0.194	0.954
2535	0.194	0.954
2536	0.194	0.954
2537	0.193	0.954
2538	0.193	0.954
2539	0.193	0.954
2540	0.193	0.954
2541	0.193	0.954
2542	0.193	0.954
2543	0.193	0.954
2544	0.193	0.954
2545	0.193	0.954
2546	0.193	0.954
2547	0.193	0.954
2548	0.193	0.955
2549	0.193	0.955
2550	0.193	0.955
2551	0.193	0.955
2552	0.192	0.955
2553	0.192	0.955
2554	0.192	0.955
2555	0.192	0.955
2556	0.192	0.955
2557	0.192	0.955
2558	0.192	0.955
2559	0.192	0.955
2560	0.192	0.955
2561	0.192	0.955
2562	0.192	0.955
2563	0.192	0.955
2564	0.192	0.955
2565	0.192	0.955
2566	0.191	0.955
2567	0.191	0.955
2568	0.191	0.955
2569	0.191	0.955
2570	0.191	0.955
2571	0.191	0.955
2572	0.191	0.955
2573	0.191	0.955
2574	0.191	0.955
2575	0.191	0.955
2576	0.191	0.955
2577	0.191	0.955
2578	0.191	0.956
2579	0.191	0.956
2580	0.19	0.956
2581	0.19	0.956
2582	0.19	0.956
2583	0.19	0.956
2584	0.19	0.956
2585	0.19	0.956
2586	0.19	0.956
2587	0.19	0.956
2588	0.19	0.956
2589	0.19	0.956
2590	0.19	0.956
2591	0.19	0.956
2592	0.19	0.956
2593	0.19	0.956
2594	0.189	0.956
2595	0.189	0.956
2596	0.189	0.956
2597	0.189	0.956
2598	0.189	0.956
2599	0.189	0.956
2600	0.189	0.956
2601	0.189	0.956
2602	0.189	0.956
2603	0.189	0.956
2604	0.189	0.956
2605	0.189	0.956
2606	0.189	0.956
2607	0.189	0.956
2608	0.189	0.956
2609	0.188	0.956
2610	0.188	0.957
2611	0.188	0.957
2612	0.188	0.957
2613	0.188	0.957
2614	0.188	0.957
2615	0.188	0.957
2616	0.188	0.957
2617	0.188	0.957
2618	0.188	0.957
2619	0.188	0.957
2620	0.188	0.957
2621	0.188	0.957
2622	0.188	0.957
2623	0.188	0.957
2624	0.187	0.957
2625	0.187	0.957
2626	0.187	0.957
2627	0.187	0.957
2628	0.187	0.957
2629	0.187	0.957
2630	0.187	0.957
2631	0.187	0.957
2632	0.187	0.957
2633	0.187	0.957
2634	0.187	0.957
2635	0.187	0.957
2636	0.187	0.957
2637	0.187	0.957
2638	0.187	0.957
2639	0.186	0.957
2640	0.186	0.957
2641	0.186	0.957
2642	0.186	0.958
2643	0.186	0.958
2644	0.186	0.958
2645	0.186	0.958
2646	0.186	0.958
2647	0.186	0.958
2648	0.186	0.958
2649	0.186	0.958
2650	0.186	0.958
2651	0.186	0.958
2652	0.186	0.958
2653	0.186	0.958
2654	0.185	0.958
2655	0.185	0.958
2656	0.185	0.958
2657	0.185	0.958
2658	0.185	0.958
2659	0.185	0.958
2660	0.185	0.958
2661	0.185	0.958
2662	0.185	0.958
2663	0.185	0.958
2664	0.185	0.958
2665	0.185	0.958
2666	0.185	0.958
2667	0.185	0.958
2668	0.185	0.958
2669	0.184	0.958
2670	0.184	0.958
2671	0.184	0.958
2672	0.184	0.958
2673	0.184	0.958
2674	0.184	0.958
2675	0.184	0.958
2676	0.184	0.959
2677	0.184	0.959
2678	0.184	0.959
2679	0.184	0.959
2680	0.184	0.959
2681	0.184	0.959
2682	0.184	0.959
2683	0.184	0.959
2684	0.183	0.959
2685	0.183	0.959
2686	0.183	0.959
2687	0.183	0.959
2688	0.183	0.959
2689	0.183	0.959
2690	0.183	0.959
2691	0.183	0.959
2692	0.183	0.959
2693	0.183	0.959
2694	0.183	0.959
2695	0.183	0.959
2696	0.183	0.959
2697	0.183	0.959
2698	0.183	0.959
2699	0.183	0.959
2700	0.182	0.959
2701	0.182	0.959
2702	0.182	0.959
2703	0.182	0.959
2704	0.182	0.959
2705	0.182	0.959
2706	0.182	0.959
2707	0.182	0.959
2708	0.182	0.959
2709	0.182	0.959
2710	0.182	0.959
2711	0.182	0.96
2712	0.182	0.96
2713	0.182	0.96
2714	0.182	0.96
2715	0.182	0.96
2716	0.181	0.96
2717	0.181	0.96
2718	0.181	0.96
2719	0.181	0.96
2720	0.181	0.96
2721	0.181	0.96
2722	0.181	0.96
2723	0.181	0.96
2724	0.181	0.96
2725	0.181	0.96
2726	0.181	0.96
2727	0.181	0.96
2728	0.181	0.96
2729	0.181	0.96
2730	0.181	0.96
2731	0.181	0.96
2732	0.18	0.96
2733	0.18	0.96
2734	0.18	0.96
2735	0.18	0.96
2736	0.18	0.96
2737	0.18	0.96
2738	0.18	0.96
2739	0.18	0.96
2740	0.18	0.96
2741	0.18	0.96
2742	0.18	0.96
2743	0.18	0.96
2744	0.18	0.96
2745	0.18	0.96
2746	0.18	0.96
2747	0.18	0.961
2748	0.179	0.961
2749	0.179	0.961
2750	0.179	0.961
2751	0.179	0.961
2752	0.179	0.961
2753	0.179	0.961
2754	0.179	0.961
2755	0.179	0.961
2756	0.179	0.961
2757	0.179	0.961
2758	0.179	0.961
2759	0.179	0.961
2760	0.179	0.961
2761	0.179	0.961
2762	0.179	0.961
2763	0.179	0.961
2764	0.178	0.961
2765	0.178	0.961
2766	0.178	0.961
2767	0.178	0.961
2768	0.178	0.961
2769	0.178	0.961
2770	0.178	0.961
2771	0.178	0.961
2772	0.178	0.961
2773	0.178	0.961
2774	0.178	0.961
2775	0.178	0.961
2776	0.178	0.961
2777	0.178	0.961
2778	0.178	0.961
2779	0.178	0.961
2780	0.177	0.961
2781	0.177	0.961
2782	0.177	0.961
2783	0.177	0.961
2784	0.177	0.961
2785	0.177	0.962
2786	0.177	0.962
2787	0.177	0.962
2788	0.177	0.962
2789	0.177	0.962
2790	0.177	0.962
2791	0.177	0.962
2792	0.177	0.962
2793	0.177	0.962
2794	0.177	0.962
2795	0.177	0.962
2796	0.177	0.962
2797	0.176	0.962
2798	0.176	0.962
2799	0.176	0.962
2800	0.176	0.962
2801	0.176	0.962
2802	0.176	0.962
2803	0.176	0.962
2804	0.176	0.962
2805	0.176	0.962
2806	0.176	0.962
2807	0.176	0.962
2808	0.176	0.962
2809	0.176	0.962
2810	0.176	0.962
2811	0.176	0.962
2812	0.176	0.962
2813	0.176	0.962
2814	0.175	0.962
2815	0.175	0.962
2816	0.175	0.962
2817	0.175	0.962
2818	0.175	0.962
2819	0.175	0.962
2820	0.175	0.962
2821	0.175	0.962
2822	0.175	0.962
2823	0.175	0.962
2824	0.175	0.963
2825	0.175	0.963
2826	0.175	0.963
2827	0.175	0.963
2828	0.175	0.963
2829	0.175	0.963
2830	0.175	0.963
2831	0.174	0.963
2832	0.174	0.963
2833	0.174	0.963
2834	0.174	0.963
2835	0.174	0.963
2836	0.174	0.963
2837	0.174	0.963
2838	0.174	0.963
2839	0.174	0.963
2840	0.174	0.963
2841	0.174	0.963
2842	0.174	0.963
2843	0.174	0.963
2844	0.174	0.963
2845	0.174	0.963
2846	0.174	0.963
2847	0.174	0.963
2848	0.173	0.963
2849	0.173	0.963
2850	0.173	0.963
2851	0.173	0.963
2852	0.173	0.963
2853	0.173	0.963
2854	0.173	0.963
2855	0.173	0.963
2856	0.173	0.963
2857	0.173	0.963
2858	0.173	0.963
2859	0.173	0.963
2860	0.173	0.963
2861	0.173	0.963
2862	0.173	0.963
2863	0.173	0.963
2864	0.173	0.963
2865	0.172	0.964
2866	0.172	0.964
2867	0.172	0.964
2868	0.172	0.964
2869	0.172	0.964
2870	0.172	0.964
2871	0.172	0.964
2872	0.172	0.964
2873	0.172	0.964
2874	0.172	0.964
2875	0.172	0.964
2876	0.172	0.964
2877	0.172	0.964
2878	0.172	0.964
2879	0.172	0.964
2880	0.172	0.964
2881	0.172	0.964
2882	0.172	0.964
2883	0.171	0.964
2884	0.171	0.964
2885	0.171	0.964
2886	0.171	0.964
2887	0.171	0.964
2888	0.171	0.964
2889	0.171	0.964
2890	0.171	0.964
2891	0.171	0.964
2892	0.171	0.964
2893	0.171	0.964
2894	0.171	0.964
2895	0.171	0.964
2896	0.171	0.964
2897	0.171	0.964
2898	0.171	0.964
2899	0.171	0.964
2900	0.17	0.964
2901	0.17	0.964
2902	0.17	0.964
2903	0.17	0.964
2904	0.17	0.964
2905	0.17	0.964
2906	0.17	0.964
2907	0.17	0.965
2908	0.17	0.965
2909	0.17	0.965
2910	0.17	0.965
2911	0.17	0.965
2912	0.17	0.965
2913	0.17	0.965
2914	0.17	0.965
2915	0.17	0.965
2916	0.17	0.965
2917	0.17	0.965
2918	0.169	0.965
2919	0.169	0.965
2920	0.169	0.965
2921	0.169	0.965
2922	0.169	0.965
2923	0.169	0.965
2924	0.169	0.965
2925	0.169	0.965
2926	0.169	0.965
2927	0.169	0.965
2928	0.169	0.965
2929	0.169	0.965
2930	0.169	0.965
2931	0.169	0.965
2932	0.169	0.965
2933	0.169	0.965
2934	0.169	0.965
2935	0.169	0.965
2936	0.169	0.965
2937	0.168	0.965
2938	0.168	0.965
2939	0.168	0.965
2940	0.168	0.965
2941	0.168	0.965
2942	0.168	0.965
2943	0.168	0.965
2944	0.168	0.965
2945	0.168	0.965
2946	0.168	0.965
2947	0.168	0.965
2948	0.168	0.965
2949	0.168	0.965
2950	0.168	0.965
2951	0.168	0.966
2952	0.168	0.966
2953	0.168	0.966
2954	0.168	0.966
2955	0.167	0.966
2956	0.167	0.966
2957	0.167	0.966
2958	0.167	0.966
2959	0.167	0.966
2960	0.167	0.966
2961	0.167	0.966
2962	0.167	0.966
2963	0.167	0.966
2964	0.167	0.966
2965	0.167	0.966
2966	0.167	0.966
2967	0.167	0.966
2968	0.167	0.966
2969	0.167	0.966
2970	0.167	0.966
2971	0.167	0.966
2972	0.167	0.966
2973	0.166	0.966
2974	0.166	0.966
2975	0.166	0.966
2976	0.166	0.966
2977	0.166	0.966
2978	0.166	0.966
2979	0.166	0.966
2980	0.166	0.966
2981	0.166	0.966
2982	0.166	0.966
2983	0.166	0.966
2984	0.166	0.966
2985	0.166	0.966
2986	0.166	0.966
2987	0.166	0.966
2988	0.166	0.966
2989	0.166	0.966
2990	0.166	0.966
2991	0.166	0.966
2992	0.165	0.966
2993	0.165	0.966
2994	0.165	0.966
2995	0.165	0.966
2996	0.165	0.966
2997	0.165	0.967
2998	0.165	0.967
2999	0.165	0.967
3000	0.165	0.967
3001	0.165	0.967
3002	0.165	0.967
3003	0.165	0.967
3004	0.165	0.967
3005	0.165	0.967
3006	0.165	0.967
3007	0.165	0.967
3008	0.165	0.967
3009	0.165	0.967
3010	0.165	0.967
3011	0.164	0.967
3012	0.164	0.967
3013	0.164	0.967
3014	0.164	0.967
3015	0.164	0.967
3016	0.164	0.967
3017	0.164	0.967
3018	0.164	0.967
3019	0.164	0.967
3020	0.164	0.967
3021	0.164	0.967
3022	0.164	0.967
3023	0.164	0.967
3024	0.164	0.967
3025	0.164	0.967
3026	0.164	0.967
3027	0.164	0.967
3028	0.164	0.967
3029	0.164	0.967
3030	0.164	0.967
3031	0.163	0.967
3032	0.163	0.967
3033	0.163	0.967
3034	0.163	0.967
3035	0.163	0.967
3036	0.163	0.967
3037	0.163	0.967
3038	0.163	0.967
3039	0.163	0.967
3040	0.163	0.967
3041	0.163	0.967
3042	0.163	0.967
3043	0.163	0.967
3044	0.163	0.967
3045	0.163	0.968
3046	0.163	0.968
3047	0.163	0.968
3048	0.163	0.968
3049	0.163	0.968
3050	0.162	0.968
3051	0.162	0.968
3052	0.162	0.968
3053	0.162	0.968
3054	0.162	0.968
3055	0.162	0.968
3056	0.162	0.968
3057	0.162	0.968
3058	0.162	0.968
3059	0.162	0.968
3060	0.162	0.968
3061	0.162	0.968
3062	0.162	0.968
3063	0.162	0.968
3064	0.162	0.968
3065	0.162	0.968
3066	0.162	0.968
3067	0.162	0.968
3068	0.162	0.968
3069	0.162	0.968
3070	0.161	0.968
3071	0.161	0.968
3072	0.161	0.968
3073	0.161	0.968
3074	0.161	0.968
3075	0.161	0.968
3076	0.161	0.968
3077	0.161	0.968
3078	0.161	0.968
3079	0.161	0.968
3080	0.161	0.968
3081	0.161	0.968
3082	0.161	0.968
3083	0.161	0.968
3084	0.161	0.968
3085	0.161	0.968
3086	0.161	0.968
3087	0.161	0.968
3088	0.161	0.968
3089	0.161	0.968
3090	0.16	0.968
3091	0.16	0.968
3092	0.16	0.968
3093	0.16	0.968
3094	0.16	0.968
3095	0.16	0.968
3096	0.16	0.969
3097	0.16	0.969
3098	0.16	0.969
3099	0.16	0.969
3100	0.16	0.969
3101	0.16	0.969
3102	0.16	0.969
3103	0.16	0.969
3104	0.16	0.969
3105	0.16	0.969
3106	0.16	0.969
3107	0.16	0.969
3108	0.16	0.969
3109	0.16	0.969
3110	0.159	0.969
3111	0.159	0.969
3112	0.159	0.969
3113	0.159	0.969
3114	0.159	0.969
3115	0.159	0.969
3116	0.159	0.969
3117	0.159	0.969
3118	0.159	0.969
3119	0.159	0.969
3120	0.159	0.969
3121	0.159	0.969
3122	0.159	0.969
3123	0.159	0.969
3124	0.159	0.969
3125	0.159	0.969
3126	0.159	0.969
3127	0.159	0.969
3128	0.159	0.969
3129	0.159	0.969
3130	0.158	0.969
3131	0.158	0.969
3132	0.158	0.969
3133	0.158	0.969
3134	0.158	0.969
3135	0.158	0.969
3136	0.158	0.969
3137	0.158	0.969
3138	0.158	0.969
3139	0.158	0.969
3140	0.158	0.969
3141	0.158	0.969
3142	0.158	0.969
3143	0.158	0.969
3144	0.158	0.969
3145	0.158	0.969
3146	0.158	0.969
3147	0.158	0.969
3148	0.158	0.97
3149	0.158	0.97
3150	0.158	0.97
3151	0.157	0.97
3152	0.157	0.97
3153	0.157	0.97
3154	0.157	0.97
3155	0.157	0.97
3156	0.157	0.97
3157	0.157	0.97
3158	0.157	0.97
3159	0.157	0.97
3160	0.157	0.97
3161	0.157	0.97
3162	0.157	0.97
3163	0.157	0.97
3164	0.157	0.97
3165	0.157	0.97
3166	0.157	0.97
3167	0.157	0.97
3168	0.157	0.97
3169	0.157	0.97
3170	0.157	0.97
3171	0.157	0.97
3172	0.156	0.97
3173	0.156	0.97
3174	0.156	0.97
3175	0.156	0.97
3176	0.156	0.97
3177	0.156	0.97
3178	0.156	0.97
3179	0.156	0.97
3180	0.156	0.97
3181	0.156	0.97
3182	0.156	0.97
3183	0.156	0.97
3184	0.156	0.97
3185	0.156	0.97
3186	0.156	0.97
3187	0.156	0.97
3188	0.156	0.97
3189	0.156	0.97
3190	0.156	0.97
3191	0.156	0.97
3192	0.156	0.97
3193	0.155	0.97
3194	0.155	0.97
3195	0.155	0.97
3196	0.155	0.97
3197	0.155	0.97
3198	0.155	0.97
3199	0.155	0.97
3200	0.155	0.97
3201	0.155	0.97
3202	0.155	0.97
3203	0.155	0.97
3204	0.155	0.971
3205	0.155	0.971
3206	0.155	0.971
3207	0.155	0.971
3208	0.155	0.971
3209	0.155	0.971
3210	0.155	0.971
3211	0.155	0.971
3212	0.155	0.971
3213	0.155	0.971
3214	0.155	0.971
3215	0.154	0.971
3216	0.154	0.971
3217	0.154	0.971
3218	0.154	0.971
3219	0.154	0.971
3220	0.154	0.971
3221	0.154	0.971
3222	0.154	0.971
3223	0.154	0.971
3224	0.154	0.971
3225	0.154	0.971
3226	0.154	0.971
3227	0.154	0.971
3228	0.154	0.971
3229	0.154	0.971
3230	0.154	0.971
3231	0.154	0.971
3232	0.154	0.971
3233	0.154	0.971
3234	0.154	0.971
3235	0.154	0.971
3236	0.154	0.971
3237	0.153	0.971
3238	0.153	0.971
3239	0.153	0.971
3240	0.153	0.971
3241	0.153	0.971
3242	0.153	0.971
3243	0.153	0.971
3244	0.153	0.971
3245	0.153	0.971
3246	0.153	0.971
3247	0.153	0.971
3248	0.153	0.971
3249	0.153	0.971
3250	0.153	0.971
3251	0.153	0.971
3252	0.153	0.971
3253	0.153	0.971
3254	0.153	0.971
3255	0.153	0.971
3256	0.153	0.971
3257	0.153	0.971
3258	0.153	0.971
3259	0.152	0.971
3260	0.152	0.971
3261	0.152	0.971
3262	0.152	0.972
3263	0.152	0.972
3264	0.152	0.972
3265	0.152	0.972
3266	0.152	0.972
3267	0.152	0.972
3268	0.152	0.972
3269	0.152	0.972
3270	0.152	0.972
3271	0.152	0.972
3272	0.152	0.972
3273	0.152	0.972
3274	0.152	0.972
3275	0.152	0.972
3276	0.152	0.972
3277	0.152	0.972
3278	0.152	0.972
3279	0.152	0.972
3280	0.152	0.972
3281	0.151	0.972
3282	0.151	0.972
3283	0.151	0.972
3284	0.151	0.972
3285	0.151	0.972
3286	0.151	0.972
3287	0.151	0.972
3288	0.151	0.972
3289	0.151	0.972
3290	0.151	0.972
3291	0.151	0.972
3292	0.151	0.972
3293	0.151	0.972
3294	0.151	0.972
3295	0.151	0.972
3296	0.151	0.972
3297	0.151	0.972
3298	0.151	0.972
3299	0.151	0.972
3300	0.151	0.972
3301	0.151	0.972
3302	0.151	0.972
3303	0.151	0.972
3304	0.15	0.972
3305	0.15	0.972
3306	0.15	0.972
3307	0.15	0.972
3308	0.15	0.972
3309	0.15	0.972
3310	0.15	0.972
3311	0.15	0.972
3312	0.15	0.972
3313	0.15	0.972
3314	0.15	0.972
3315	0.15	0.972
3316	0.15	0.972
3317	0.15	0.972
3318	0.15	0.972
3319	0.15	0.972
3320	0.15	0.972
3321	0.15	0.972
3322	0.15	0.972
3323	0.15	0.973
3324	0.15	0.973
3325	0.15	0.973
3326	0.15	0.973
3327	0.149	0.973
3328	0.149	0.973
3329	0.149	0.973
3330	0.149	0.973
3331	0.149	0.973
3332	0.149	0.973
3333	0.149	0.973
3334	0.149	0.973
3335	0.149	0.973
3336	0.149	0.973
3337	0.149	0.973
3338	0.149	0.973
3339	0.149	0.973
3340	0.149	0.973
3341	0.149	0.973
3342	0.149	0.973
3343	0.149	0.973
3344	0.149	0.973
3345	0.149	0.973
3346	0.149	0.973
3347	0.149	0.973
3348	0.149	0.973
3349	0.149	0.973
3350	0.148	0.973
3351	0.148	0.973
3352	0.148	0.973
3353	0.148	0.973
3354	0.148	0.973
3355	0.148	0.973
3356	0.148	0.973
3357	0.148	0.973
3358	0.148	0.973
3359	0.148	0.973
3360	0.148	0.973
3361	0.148	0.973
3362	0.148	0.973
3363	0.148	0.973
3364	0.148	0.973
3365	0.148	0.973
3366	0.148	0.973
3367	0.148	0.973
3368	0.148	0.973
3369	0.148	0.973
3370	0.148	0.973
3371	0.148	0.973
3372	0.148	0.973
3373	0.147	0.973
3374	0.147	0.973
3375	0.147	0.973
3376	0.147	0.973
3377	0.147	0.973
3378	0.147	0.973
3379	0.147	0.973
3380	0.147	0.973
3381	0.147	0.973
3382	0.147	0.973
3383	0.147	0.973
3384	0.147	0.973
3385	0.147	0.973
3386	0.147	0.973
3387	0.147	0.973
3388	0.147	0.974
3389	0.147	0.974
3390	0.147	0.974
3391	0.147	0.974
3392	0.147	0.974
3393	0.147	0.974
3394	0.147	0.974
3395	0.147	0.974
3396	0.147	0.974
3397	0.146	0.974
3398	0.146	0.974
3399	0.146	0.974
3400	0.146	0.974
3401	0.146	0.974
3402	0.146	0.974
3403	0.146	0.974
3404	0.146	0.974
3405	0.146	0.974
3406	0.146	0.974
3407	0.146	0.974
3408	0.146	0.974
3409	0.146	0.974
3410	0.146	0.974
3411	0.146	0.974
3412	0.146	0.974
3413	0.146	0.974
3414	0.146	0.974
3415	0.146	0.974
3416	0.146	0.974
3417	0.146	0.974
3418	0.146	0.974
3419	0.146	0.974
3420	0.146	0.974
3421	0.145	0.974
3422	0.145	0.974
3423	0.145	0.974
3424	0.145	0.974
3425	0.145	0.974
3426	0.145	0.974
3427	0.145	0.974
3428	0.145	0.974
3429	0.145	0.974
3430	0.145	0.974
3431	0.145	0.974
3432	0.145	0.974
3433	0.145	0.974
3434	0.145	0.974
3435	0.145	0.974
3436	0.145	0.974
3437	0.145	0.974
3438	0.145	0.974
3439	0.145	0.974
3440	0.145	0.974
3441	0.145	0.974
3442	0.145	0.974
3443	0.145	0.974
3444	0.145	0.974
3445	0.145	0.974
3446	0.144	0.974
3447	0.144	0.974
3448	0.144	0.974
3449	0.144	0.974
3450	0.144	0.974
3451	0.144	0.974
3452	0.144	0.974
3453	0.144	0.974
3454	0.144	0.974
3455	0.144	0.974
3456	0.144	0.975
3457	0.144	0.975
3458	0.144	0.975
3459	0.144	0.975
3460	0.144	0.975
3461	0.144	0.975
3462	0.144	0.975
3463	0.144	0.975
3464	0.144	0.975
3465	0.144	0.975
3466	0.144	0.975
3467	0.144	0.975
3468	0.144	0.975
3469	0.144	0.975
3470	0.144	0.975
3471	0.143	0.975
3472	0.143	0.975
3473	0.143	0.975
3474	0.143	0.975
3475	0.143	0.975
3476	0.143	0.975
3477	0.143	0.975
3478	0.143	0.975
3479	0.143	0.975
3480	0.143	0.975
3481	0.143	0.975
3482	0.143	0.975
3483	0.143	0.975
3484	0.143	0.975
3485	0.143	0.975
3486	0.143	0.975
3487	0.143	0.975
3488	0.143	0.975
3489	0.143	0.975
3490	0.143	0.975
3491	0.143	0.975
3492	0.143	0.975
3493	0.143	0.975
3494	0.143	0.975
3495	0.143	0.975
3496	0.142	0.975
3497	0.142	0.975
3498	0.142	0.975
3499	0.142	0.975
3500	0.142	0.975
3501	0.142	0.975
3502	0.142	0.975
3503	0.142	0.975
3504	0.142	0.975
3505	0.142	0.975
3506	0.142	0.975
3507	0.142	0.975
3508	0.142	0.975
3509	0.142	0.975
3510	0.142	0.975
3511	0.142	0.975
3512	0.142	0.975
3513	0.142	0.975
3514	0.142	0.975
3515	0.142	0.975
3516	0.142	0.975
3517	0.142	0.975
3518	0.142	0.975
3519	0.142	0.975
3520	0.142	0.975
3521	0.142	0.975
3522	0.141	0.975
3523	0.141	0.975
3524	0.141	0.975
3525	0.141	0.975
3526	0.141	0.975
3527	0.141	0.975
3528	0.141	0.975
3529	0.141	0.976
3530	0.141	0.976
3531	0.141	0.976
3532	0.141	0.976
3533	0.141	0.976
3534	0.141	0.976
3535	0.141	0.976
3536	0.141	0.976
3537	0.141	0.976
3538	0.141	0.976
3539	0.141	0.976
3540	0.141	0.976
3541	0.141	0.976
3542	0.141	0.976
3543	0.141	0.976
3544	0.141	0.976
3545	0.141	0.976
3546	0.141	0.976
3547	0.141	0.976
3548	0.14	0.976
3549	0.14	0.976
3550	0.14	0.976
3551	0.14	0.976
3552	0.14	0.976
3553	0.14	0.976
3554	0.14	0.976
3555	0.14	0.976
3556	0.14	0.976
3557	0.14	0.976
3558	0.14	0.976
3559	0.14	0.976
3560	0.14	0.976
3561	0.14	0.976
3562	0.14	0.976
3563	0.14	0.976
3564	0.14	0.976
3565	0.14	0.976
3566	0.14	0.976
3567	0.14	0.976
3568	0.14	0.976
3569	0.14	0.976
3570	0.14	0.976
3571	0.14	0.976
3572	0.14	0.976
3573	0.14	0.976
3574	0.139	0.976
3575	0.139	0.976
3576	0.139	0.976
3577	0.139	0.976
3578	0.139	0.976
3579	0.139	0.976
3580	0.139	0.976
3581	0.139	0.976
3582	0.139	0.976
3583	0.139	0.976
3584	0.139	0.976
3585	0.139	0.976
3586	0.139	0.976
3587	0.139	0.976
3588	0.139	0.976
3589	0.139	0.976
3590	0.139	0.976
3591	0.139	0.976
3592	0.139	0.976
3593	0.139	0.976
3594	0.139	0.976
3595	0.139	0.976
3596	0.139	0.976
3597	0.139	0.976
3598	0.139	0.976
3599	0.139	0.976
3600	0.138	0.976
3601	0.138	0.976
3602	0.138	0.976
3603	0.138	0.976
3604	0.138	0.976
3605	0.138	0.976
3606	0.138	0.977
3607	0.138	0.977
3608	0.138	0.977
3609	0.138	0.977
3610	0.138	0.977
3611	0.138	0.977
3612	0.138	0.977
3613	0.138	0.977
3614	0.138	0.977
3615	0.138	0.977
3616	0.138	0.977
3617	0.138	0.977
3618	0.138	0.977
3619	0.138	0.977
3620	0.138	0.977
3621	0.138	0.977
3622	0.138	0.977
3623	0.138	0.977
3624	0.138	0.977
3625	0.138	0.977
3626	0.138	0.977
3627	0.137	0.977
3628	0.137	0.977
3629	0.137	0.977
3630	0.137	0.977
3631	0.137	0.977
3632	0.137	0.977
3633	0.137	0.977
3634	0.137	0.977
3635	0.137	0.977
3636	0.137	0.977
3637	0.137	0.977
3638	0.137	0.977
3639	0.137	0.977
3640	0.137	0.977
3641	0.137	0.977
3642	0.137	0.977
3643	0.137	0.977
3644	0.137	0.977
3645	0.137	0.977
3646	0.137	0.977
3647	0.137	0.977
3648	0.137	0.977
3649	0.137	0.977
3650	0.137	0.977
3651	0.137	0.977
3652	0.137	0.977
3653	0.137	0.977
3654	0.137	0.977
3655	0.136	0.977
3656	0.136	0.977
3657	0.136	0.977
3658	0.136	0.977
3659	0.136	0.977
3660	0.136	0.977
3661	0.136	0.977
3662	0.136	0.977
3663	0.136	0.977
3664	0.136	0.977
3665	0.136	0.977
3666	0.136	0.977
3667	0.136	0.977
3668	0.136	0.977
3669	0.136	0.977
3670	0.136	0.977
3671	0.136	0.977
3672	0.136	0.977
3673	0.136	0.977
3674	0.136	0.977
3675	0.136	0.977
3676	0.136	0.977
3677	0.136	0.977
3678	0.136	0.977
3679	0.136	0.977
3680	0.136	0.977
3681	0.136	0.977
3682	0.136	0.977
3683	0.135	0.977
3684	0.135	0.977
3685	0.135	0.977
3686	0.135	0.977
3687	0.135	0.977
3688	0.135	0.978
3689	0.135	0.978
3690	0.135	0.978
3691	0.135	0.978
3692	0.135	0.978
3693	0.135	0.978
3694	0.135	0.978
3695	0.135	0.978
3696	0.135	0.978
3697	0.135	0.978
3698	0.135	0.978
3699	0.135	0.978
3700	0.135	0.978
3701	0.135	0.978
3702	0.135	0.978
3703	0.135	0.978
3704	0.135	0.978
3705	0.135	0.978
3706	0.135	0.978
3707	0.135	0.978
3708	0.135	0.978
3709	0.135	0.978
3710	0.135	0.978
3711	0.134	0.978
3712	0.134	0.978
3713	0.134	0.978
3714	0.134	0.978
3715	0.134	0.978
3716	0.134	0.978
3717	0.134	0.978
3718	0.134	0.978
3719	0.134	0.978
3720	0.134	0.978
3721	0.134	0.978
3722	0.134	0.978
3723	0.134	0.978
3724	0.134	0.978
3725	0.134	0.978
3726	0.134	0.978
3727	0.134	0.978
3728	0.134	0.978
3729	0.134	0.978
3730	0.134	0.978
3731	0.134	0.978
3732	0.134	0.978
3733	0.134	0.978
3734	0.134	0.978
3735	0.134	0.978
3736	0.134	0.978
3737	0.134	0.978
3738	0.134	0.978
3739	0.134	0.978
3740	0.133	0.978
3741	0.133	0.978
3742	0.133	0.978
3743	0.133	0.978
3744	0.133	0.978
3745	0.133	0.978
3746	0.133	0.978
3747	0.133	0.978
3748	0.133	0.978
3749	0.133	0.978
3750	0.133	0.978
3751	0.133	0.978
3752	0.133	0.978
3753	0.133	0.978
3754	0.133	0.978
3755	0.133	0.978
3756	0.133	0.978
3757	0.133	0.978
3758	0.133	0.978
3759	0.133	0.978
3760	0.133	0.978
3761	0.133	0.978
3762	0.133	0.978
3763	0.133	0.978
3764	0.133	0.978
3765	0.133	0.978
3766	0.133	0.978
3767	0.133	0.978
3768	0.133	0.978
3769	0.132	0.978
3770	0.132	0.978
3771	0.132	0.978
3772	0.132	0.978
3773	0.132	0.978
3774	0.132	0.978
3775	0.132	0.978
3776	0.132	0.979
3777	0.132	0.979
3778	0.132	0.979
3779	0.132	0.979
3780	0.132	0.979
3781	0.132	0.979
3782	0.132	0.979
3783	0.132	0.979
3784	0.132	0.979
3785	0.132	0.979
3786	0.132	0.979
3787	0.132	0.979
3788	0.132	0.979
3789	0.132	0.979
3790	0.132	0.979
3791	0.132	0.979
3792	0.132	0.979
3793	0.132	0.979
3794	0.132	0.979
3795	0.132	0.979
3796	0.132	0.979
3797	0.132	0.979
3798	0.131	0.979
3799	0.131	0.979
3800	0.131	0.979
3801	0.131	0.979
3802	0.131	0.979
3803	0.131	0.979
3804	0.131	0.979
3805	0.131	0.979
3806	0.131	0.979
3807	0.131	0.979
3808	0.131	0.979
3809	0.131	0.979
3810	0.131	0.979
3811	0.131	0.979
3812	0.131	0.979
3813	0.131	0.979
3814	0.131	0.979
3815	0.131	0.979
3816	0.131	0.979
3817	0.131	0.979
3818	0.131	0.979
3819	0.131	0.979
3820	0.131	0.979
3821	0.131	0.979
3822	0.131	0.979
3823	0.131	0.979
3824	0.131	0.979
3825	0.131	0.979
3826	0.131	0.979
3827	0.131	0.979
3828	0.13	0.979
3829	0.13	0.979
3830	0.13	0.979
3831	0.13	0.979
3832	0.13	0.979
3833	0.13	0.979
3834	0.13	0.979
3835	0.13	0.979
3836	0.13	0.979
3837	0.13	0.979
3838	0.13	0.979
3839	0.13	0.979
3840	0.13	0.979
3841	0.13	0.979
3842	0.13	0.979
3843	0.13	0.979
3844	0.13	0.979
3845	0.13	0.979
3846	0.13	0.979
3847	0.13	0.979
3848	0.13	0.979
3849	0.13	0.979
3850	0.13	0.979
3851	0.13	0.979
3852	0.13	0.979
3853	0.13	0.979
3854	0.13	0.979
3855	0.13	0.979
3856	0.13	0.979
3857	0.13	0.979
3858	0.129	0.979
3859	0.129	0.979
3860	0.129	0.979
3861	0.129	0.979
3862	0.129	0.979
3863	0.129	0.979
3864	0.129	0.979
3865	0.129	0.979
3866	0.129	0.979
3867	0.129	0.979
3868	0.129	0.979
3869	0.129	0.979
3870	0.129	0.98
3871	0.129	0.98
3872	0.129	0.98
3873	0.129	0.98
3874	0.129	0.98
3875	0.129	0.98
3876	0.129	0.98
3877	0.129	0.98
3878	0.129	0.98
3879	0.129	0.98
3880	0.129	0.98
3881	0.129	0.98
3882	0.129	0.98
3883	0.129	0.98
3884	0.129	0.98
3885	0.129	0.98
3886	0.129	0.98
3887	0.129	0.98
3888	0.129	0.98
3889	0.128	0.98
3890	0.128	0.98
3891	0.128	0.98
3892	0.128	0.98
3893	0.128	0.98
3894	0.128	0.98
3895	0.128	0.98
3896	0.128	0.98
3897	0.128	0.98
3898	0.128	0.98
3899	0.128	0.98
3900	0.128	0.98
3901	0.128	0.98
3902	0.128	0.98
3903	0.128	0.98
3904	0.128	0.98
3905	0.128	0.98
3906	0.128	0.98
3907	0.128	0.98
3908	0.128	0.98
3909	0.128	0.98
3910	0.128	0.98
3911	0.128	0.98
3912	0.128	0.98
3913	0.128	0.98
3914	0.128	0.98
3915	0.128	0.98
3916	0.128	0.98
3917	0.128	0.98
3918	0.128	0.98
3919	0.128	0.98
3920	0.128	0.98
3921	0.127	0.98
3922	0.127	0.98
3923	0.127	0.98
3924	0.127	0.98
3925	0.127	0.98
3926	0.127	0.98
3927	0.127	0.98
3928	0.127	0.98
3929	0.127	0.98
3930	0.127	0.98
3931	0.127	0.98
3932	0.127	0.98
3933	0.127	0.98
3934	0.127	0.98
3935	0.127	0.98
3936	0.127	0.98
3937	0.127	0.98
3938	0.127	0.98
3939	0.127	0.98
3940	0.127	0.98
3941	0.127	0.98
3942	0.127	0.98
3943	0.127	0.98
3944	0.127	0.98
3945	0.127	0.98
3946	0.127	0.98
3947	0.127	0.98
3948	0.127	0.98
3949	0.127	0.98
3950	0.127	0.98
3951	0.127	0.98
3952	0.126	0.98
3953	0.126	0.98
3954	0.126	0.98
3955	0.126	0.98
3956	0.126	0.98
3957	0.126	0.98
3958	0.126	0.98
3959	0.126	0.98
3960	0.126	0.98
3961	0.126	0.98
3962	0.126	0.98
3963	0.126	0.98
3964	0.126	0.98
3965	0.126	0.98
3966	0.126	0.98
3967	0.126	0.98
3968	0.126	0.98
3969	0.126	0.98
3970	0.126	0.98
3971	0.126	0.981
3972	0.126	0.981
3973	0.126	0.981
3974	0.126	0.981
3975	0.126	0.981
3976	0.126	0.981
3977	0.126	0.981
3978	0.126	0.981
3979	0.126	0.981
3980	0.126	0.981
3981	0.126	0.981
3982	0.126	0.981
3983	0.126	0.981
3984	0.126	0.981
3985	0.125	0.981
3986	0.125	0.981
3987	0.125	0.981
3988	0.125	0.981
3989	0.125	0.981
3990	0.125	0.981
3991	0.125	0.981
3992	0.125	0.981
3993	0.125	0.981
3994	0.125	0.981
3995	0.125	0.981
3996	0.125	0.981
3997	0.125	0.981
3998	0.125	0.981
3999	0.125	0.981
4000	0.125	0.981
4001	0.125	0.981
4002	0.125	0.981
4003	0.125	0.981
4004	0.125	0.981
4005	0.125	0.981
4006	0.125	0.981
4007	0.125	0.981
4008	0.125	0.981
4009	0.125	0.981
4010	0.125	0.981
4011	0.125	0.981
4012	0.125	0.981
4013	0.125	0.981
4014	0.125	0.981
4015	0.125	0.981
4016	0.125	0.981
4017	0.125	0.981
4018	0.124	0.981
4019	0.124	0.981
4020	0.124	0.981
4021	0.124	0.981
4022	0.124	0.981
4023	0.124	0.981
4024	0.124	0.981
4025	0.124	0.981
4026	0.124	0.981
4027	0.124	0.981
4028	0.124	0.981
4029	0.124	0.981
4030	0.124	0.981
4031	0.124	0.981
4032	0.124	0.981
4033	0.124	0.981
4034	0.124	0.981
4035	0.124	0.981
4036	0.124	0.981
4037	0.124	0.981
4038	0.124	0.981
4039	0.124	0.981
4040	0.124	0.981
4041	0.124	0.981
4042	0.124	0.981
4043	0.124	0.981
4044	0.124	0.981
4045	0.124	0.981
4046	0.124	0.981
4047	0.124	0.981
4048	0.124	0.981
4049	0.124	0.981
4050	0.124	0.981
4051	0.123	0.981
4052	0.123	0.981
4053	0.123	0.981
4054	0.123	0.981
4055	0.123	0.981
4056	0.123	0.981
4057	0.123	0.981
4058	0.123	0.981
4059	0.123	0.981
4060	0.123	0.981
4061	0.123	0.981
4062	0.123	0.981
4063	0.123	0.981
4064	0.123	0.981
4065	0.123	0.981
4066	0.123	0.981
4067	0.123	0.981
4068	0.123	0.981
4069	0.123	0.981
4070	0.123	0.981
4071	0.123	0.981
4072	0.123	0.981
4073	0.123	0.981
4074	0.123	0.981
4075	0.123	0.981
4076	0.123	0.981
4077	0.123	0.981
4078	0.123	0.981
4079	0.123	0.981
4080	0.123	0.982
4081	0.123	0.982
4082	0.123	0.982
4083	0.123	0.982
4084	0.123	0.982
4085	0.122	0.982
4086	0.122	0.982
4087	0.122	0.982
4088	0.122	0.982
4089	0.122	0.982
4090	0.122	0.982
4091	0.122	0.982
4092	0.122	0.982
4093	0.122	0.982
4094	0.122	0.982
4095	0.122	0.982
4096	0.122	0.982
4097	0.122	0.982
4098	0.122	0.982
4099	0.122	0.982
4100	0.122	0.982
4101	0.122	0.982
4102	0.122	0.982
4103	0.122	0.982
4104	0.122	0.982
4105	0.122	0.982
4106	0.122	0.982
4107	0.122	0.982
4108	0.122	0.982
4109	0.122	0.982
4110	0.122	0.982
4111	0.122	0.982
4112	0.122	0.982
4113	0.122	0.982
4114	0.122	0.982
4115	0.122	0.982
4116	0.122	0.982
4117	0.122	0.982
4118	0.122	0.982
4119	0.121	0.982
4120	0.121	0.982
4121	0.121	0.982
4122	0.121	0.982
4123	0.121	0.982
4124	0.121	0.982
4125	0.121	0.982
4126	0.121	0.982
4127	0.121	0.982
4128	0.121	0.982
4129	0.121	0.982
4130	0.121	0.982
4131	0.121	0.982
4132	0.121	0.982
4133	0.121	0.982
4134	0.121	0.982
4135	0.121	0.982
4136	0.121	0.982
4137	0.121	0.982
4138	0.121	0.982
4139	0.121	0.982
4140	0.121	0.982
4141	0.121	0.982
4142	0.121	0.982
4143	0.121	0.982
4144	0.121	0.982
4145	0.121	0.982
4146	0.121	0.982
4147	0.121	0.982
4148	0.121	0.982
4149	0.121	0.982
4150	0.121	0.982
4151	0.121	0.982
4152	0.121	0.982
4153	0.121	0.982
4154	0.12	0.982
4155	0.12	0.982
4156	0.12	0.982
4157	0.12	0.982
4158	0.12	0.982
4159	0.12	0.982
4160	0.12	0.982
4161	0.12	0.982
4162	0.12	0.982
4163	0.12	0.982
4164	0.12	0.982
4165	0.12	0.982
4166	0.12	0.982
4167	0.12	0.982
4168	0.12	0.982
4169	0.12	0.982
4170	0.12	0.982
4171	0.12	0.982
4172	0.12	0.982
4173	0.12	0.982
4174	0.12	0.982
4175	0.12	0.982
4176	0.12	0.982
4177	0.12	0.982
4178	0.12	0.982
4179	0.12	0.982
4180	0.12	0.982
4181	0.12	0.982
4182	0.12	0.982
4183	0.12	0.982
4184	0.12	0.982
4185	0.12	0.982
4186	0.12	0.982
4187	0.12	0.982
4188	0.12	0.982
4189	0.12	0.982
4190	0.119	0.982
4191	0.119	0.982
4192	0.119	0.982
4193	0.119	0.982
4194	0.119	0.982
4195	0.119	0.982
4196	0.119	0.982
4197	0.119	0.982
4198	0.119	0.983
4199	0.119	0.983
4200	0.119	0.983
4201	0.119	0.983
4202	0.119	0.983
4203	0.119	0.983
4204	0.119	0.983
4205	0.119	0.983
4206	0.119	0.983
4207	0.119	0.983
4208	0.119	0.983
4209	0.119	0.983
4210	0.119	0.983
4211	0.119	0.983
4212	0.119	0.983
4213	0.119	0.983
4214	0.119	0.983
4215	0.119	0.983
4216	0.119	0.983
4217	0.119	0.983
4218	0.119	0.983
4219	0.119	0.983
4220	0.119	0.983
4221	0.119	0.983
4222	0.119	0.983
4223	0.119	0.983
4224	0.119	0.983
4225	0.119	0.983
4226	0.118	0.983
4227	0.118	0.983
4228	0.118	0.983
4229	0.118	0.983
4230	0.118	0.983
4231	0.118	0.983
4232	0.118	0.983
4233	0.118	0.983
4234	0.118	0.983
4235	0.118	0.983
4236	0.118	0.983
4237	0.118	0.983
4238	0.118	0.983
4239	0.118	0.983
4240	0.118	0.983
4241	0.118	0.983
4242	0.118	0.983
4243	0.118	0.983
4244	0.118	0.983
4245	0.118	0.983
4246	0.118	0.983
4247	0.118	0.983
4248	0.118	0.983
4249	0.118	0.983
4250	0.118	0.983
4251	0.118	0.983
4252	0.118	0.983
4253	0.118	0.983
4254	0.118	0.983
4255	0.118	0.983
4256	0.118	0.983
4257	0.118	0.983
4258	0.118	0.983
4259	0.118	0.983
4260	0.118	0.983
4261	0.118	0.983
4262	0.118	0.983
4263	0.117	0.983
4264	0.117	0.983
4265	0.117	0.983
4266	0.117	0.983
4267	0.117	0.983
4268	0.117	0.983
4269	0.117	0.983
4270	0.117	0.983
4271	0.117	0.983
4272	0.117	0.983
4273	0.117	0.983
4274	0.117	0.983
4275	0.117	0.983
4276	0.117	0.983
4277	0.117	0.983
4278	0.117	0.983
4279	0.117	0.983
4280	0.117	0.983
4281	0.117	0.983
4282	0.117	0.983
4283	0.117	0.983
4284	0.117	0.983
4285	0.117	0.983
4286	0.117	0.983
4287	0.117	0.983
4288	0.117	0.983
4289	0.117	0.983
4290	0.117	0.983
4291	0.117	0.983
4292	0.117	0.983
4293	0.117	0.983
4294	0.117	0.983
4295	0.117	0.983
4296	0.117	0.983
4297	0.117	0.983
4298	0.117	0.983
4299	0.117	0.983
4300	0.116	0.983
4301	0.116	0.983
4302	0.116	0.983
4303	0.116	0.983
4304	0.116	0.983
4305	0.116	0.983
4306	0.116	0.983
4307	0.116	0.983
4308	0.116	0.983
4309	0.116	0.983
4310	0.116	0.983
4311	0.116	0.983
4312	0.116	0.983
4313	0.116	0.983
4314	0.116	0.983
4315	0.116	0.983
4316	0.116	0.983
4317	0.116	0.983
4318	0.116	0.983
4319	0.116	0.983
4320	0.116	0.983
4321	0.116	0.983
4322	0.116	0.983
4323	0.116	0.983
4324	0.116	0.983
4325	0.116	0.983
4326	0.116	0.983
4327	0.116	0.984
4328	0.116	0.984
4329	0.116	0.984
4330	0.116	0.984
4331	0.116	0.984
4332	0.116	0.984
4333	0.116	0.984
4334	0.116	0.984
4335	0.116	0.984
4336	0.116	0.984
4337	0.116	0.984
4338	0.115	0.984
4339	0.115	0.984
4340	0.115	0.984
4341	0.115	0.984
4342	0.115	0.984
4343	0.115	0.984
4344	0.115	0.984
4345	0.115	0.984
4346	0.115	0.984
4347	0.115	0.984
4348	0.115	0.984
4349	0.115	0.984
4350	0.115	0.984
4351	0.115	0.984
4352	0.115	0.984
4353	0.115	0.984
4354	0.115	0.984
4355	0.115	0.984
4356	0.115	0.984
4357	0.115	0.984
4358	0.115	0.984
4359	0.115	0.984
4360	0.115	0.984
4361	0.115	0.984
4362	0.115	0.984
4363	0.115	0.984
4364	0.115	0.984
4365	0.115	0.984
4366	0.115	0.984
4367	0.115	0.984
4368	0.115	0.984
4369	0.115	0.984
4370	0.115	0.984
4371	0.115	0.984
4372	0.115	0.984
4373	0.115	0.984
4374	0.115	0.984
4375	0.115	0.984
4376	0.115	0.984
4377	0.114	0.984
4378	0.114	0.984
4379	0.114	0.984
4380	0.114	0.984
4381	0.114	0.984
4382	0.114	0.984
4383	0.114	0.984
4384	0.114	0.984
4385	0.114	0.984
4386	0.114	0.984
4387	0.114	0.984
4388	0.114	0.984
4389	0.114	0.984
4390	0.114	0.984
4391	0.114	0.984
4392	0.114	0.984
4393	0.114	0.984
4394	0.114	0.984
4395	0.114	0.984
4396	0.114	0.984
4397	0.114	0.984
4398	0.114	0.984
4399	0.114	0.984
4400	0.114	0.984
4401	0.114	0.984
4402	0.114	0.984
4403	0.114	0.984
4404	0.114	0.984
4405	0.114	0.984
4406	0.114	0.984
4407	0.114	0.984
4408	0.114	0.984
4409	0.114	0.984
4410	0.114	0.984
4411	0.114	0.984
4412	0.114	0.984
4413	0.114	0.984
4414	0.114	0.984
4415	0.114	0.984
4416	0.114	0.984
4417	0.113	0.984
4418	0.113	0.984
4419	0.113	0.984
4420	0.113	0.984
4421	0.113	0.984
4422	0.113	0.984
4423	0.113	0.984
4424	0.113	0.984
4425	0.113	0.984
4426	0.113	0.984
4427	0.113	0.984
4428	0.113	0.984
4429	0.113	0.984
4430	0.113	0.984
4431	0.113	0.984
4432	0.113	0.984
4433	0.113	0.984
4434	0.113	0.984
4435	0.113	0.984
4436	0.113	0.984
4437	0.113	0.984
4438	0.113	0.984
4439	0.113	0.984
4440	0.113	0.984
4441	0.113	0.984
4442	0.113	0.984
4443	0.113	0.984
4444	0.113	0.984
4445	0.113	0.984
4446	0.113	0.984
4447	0.113	0.984
4448	0.113	0.984
4449	0.113	0.984
4450	0.113	0.984
4451	0.113	0.984
4452	0.113	0.984
4453	0.113	0.984
4454	0.113	0.984
4455	0.113	0.984
4456	0.113	0.984
4457	0.112	0.984
4458	0.112	0.984
4459	0.112	0.984
4460	0.112	0.984
4461	0.112	0.984
4462	0.112	0.984
4463	0.112	0.984
4464	0.112	0.984
4465	0.112	0.984
4466	0.112	0.984
4467	0.112	0.985
4468	0.112	0.985
4469	0.112	0.985
4470	0.112	0.985
4471	0.112	0.985
4472	0.112	0.985
4473	0.112	0.985
4474	0.112	0.985
4475	0.112	0.985
4476	0.112	0.985
4477	0.112	0.985
4478	0.112	0.985
4479	0.112	0.985
4480	0.112	0.985
4481	0.112	0.985
4482	0.112	0.985
4483	0.112	0.985
4484	0.112	0.985
4485	0.112	0.985
4486	0.112	0.985
4487	0.112	0.985
4488	0.112	0.985
4489	0.112	0.985
4490	0.112	0.985
4491	0.112	0.985
4492	0.112	0.985
4493	0.112	0.985
4494	0.112	0.985
4495	0.112	0.985
4496	0.112	0.985
4497	0.111	0.985
4498	0.111	0.985
4499	0.111	0.985
4500	0.111	0.985
4501	0.111	0.985
4502	0.111	0.985
4503	0.111	0.985
4504	0.111	0.985
4505	0.111	0.985
4506	0.111	0.985
4507	0.111	0.985
4508	0.111	0.985
4509	0.111	0.985
4510	0.111	0.985
4511	0.111	0.985
4512	0.111	0.985
4513	0.111	0.985
4514	0.111	0.985
4515	0.111	0.985
4516	0.111	0.985
4517	0.111	0.985
4518	0.111	0.985
4519	0.111	0.985
4520	0.111	0.985
4521	0.111	0.985
4522	0.111	0.985
4523	0.111	0.985
4524	0.111	0.985
4525	0.111	0.985
4526	0.111	0.985
4527	0.111	0.985
4528	0.111	0.985
4529	0.111	0.985
4530	0.111	0.985
4531	0.111	0.985
4532	0.111	0.985
4533	0.111	0.985
4534	0.111	0.985
4535	0.111	0.985
4536	0.111	0.985
4537	0.111	0.985
4538	0.111	0.985
4539	0.11	0.985
4540	0.11	0.985
4541	0.11	0.985
4542	0.11	0.985
4543	0.11	0.985
4544	0.11	0.985
4545	0.11	0.985
4546	0.11	0.985
4547	0.11	0.985
4548	0.11	0.985
4549	0.11	0.985
4550	0.11	0.985
4551	0.11	0.985
4552	0.11	0.985
4553	0.11	0.985
4554	0.11	0.985
4555	0.11	0.985
4556	0.11	0.985
4557	0.11	0.985
4558	0.11	0.985
4559	0.11	0.985
4560	0.11	0.985
4561	0.11	0.985
4562	0.11	0.985
4563	0.11	0.985
4564	0.11	0.985
4565	0.11	0.985
4566	0.11	0.985
4567	0.11	0.985
4568	0.11	0.985
4569	0.11	0.985
4570	0.11	0.985
4571	0.11	0.985
4572	0.11	0.985
4573	0.11	0.985
4574	0.11	0.985
4575	0.11	0.985
4576	0.11	0.985
4577	0.11	0.985
4578	0.11	0.985
4579	0.11	0.985
4580	0.11	0.985
4581	0.109	0.985
4582	0.109	0.985
4583	0.109	0.985
4584	0.109	0.985
4585	0.109	0.985
4586	0.109	0.985
4587	0.109	0.985
4588	0.109	0.985
4589	0.109	0.985
4590	0.109	0.985
4591	0.109	0.985
4592	0.109	0.985
4593	0.109	0.985
4594	0.109	0.985
4595	0.109	0.985
4596	0.109	0.985
4597	0.109	0.985
4598	0.109	0.985
4599	0.109	0.985
4600	0.109	0.985
4601	0.109	0.985
4602	0.109	0.985
4603	0.109	0.985
4604	0.109	0.985
4605	0.109	0.985
4606	0.109	0.985
4607	0.109	0.985
4608	0.109	0.985
4609	0.109	0.985
4610	0.109	0.985
4611	0.109	0.985
4612	0.109	0.985
4613	0.109	0.985
4614	0.109	0.985
4615	0.109	0.985
4616	0.109	0.985
4617	0.109	0.985
4618	0.109	0.985
4619	0.109	0.985
4620	0.109	0.985
4621	0.109	0.985
4622	0.109	0.986
4623	0.109	0.986
4624	0.108	0.986
4625	0.108	0.986
4626	0.108	0.986
4627	0.108	0.986
4628	0.108	0.986
4629	0.108	0.986
4630	0.108	0.986
4631	0.108	0.986
4632	0.108	0.986
4633	0.108	0.986
4634	0.108	0.986
4635	0.108	0.986
4636	0.108	0.986
4637	0.108	0.986
4638	0.108	0.986
4639	0.108	0.986
4640	0.108	0.986
4641	0.108	0.986
4642	0.108	0.986
4643	0.108	0.986
4644	0.108	0.986
4645	0.108	0.986
4646	0.108	0.986
4647	0.108	0.986
4648	0.108	0.986
4649	0.108	0.986
4650	0.108	0.986
4651	0.108	0.986
4652	0.108	0.986
4653	0.108	0.986
4654	0.108	0.986
4655	0.108	0.986
4656	0.108	0.986
4657	0.108	0.986
4658	0.108	0.986
4659	0.108	0.986
4660	0.108	0.986
4661	0.108	0.986
4662	0.108	0.986
4663	0.108	0.986
4664	0.108	0.986
4665	0.108	0.986
4666	0.108	0.986
4667	0.108	0.986
4668	0.107	0.986
4669	0.107	0.986
4670	0.107	0.986
4671	0.107	0.986
4672	0.107	0.986
4673	0.107	0.986
4674	0.107	0.986
4675	0.107	0.986
4676	0.107	0.986
4677	0.107	0.986
4678	0.107	0.986
4679	0.107	0.986
4680	0.107	0.986
4681	0.107	0.986
4682	0.107	0.986
4683	0.107	0.986
4684	0.107	0.986
4685	0.107	0.986
4686	0.107	0.986
4687	0.107	0.986
4688	0.107	0.986
4689	0.107	0.986
4690	0.107	0.986
4691	0.107	0.986
4692	0.107	0.986
4693	0.107	0.986
4694	0.107	0.986
4695	0.107	0.986
4696	0.107	0.986
4697	0.107	0.986
4698	0.107	0.986
4699	0.107	0.986
4700	0.107	0.986
4701	0.107	0.986
4702	0.107	0.986
4703	0.107	0.986
4704	0.107	0.986
4705	0.107	0.986
4706	0.107	0.986
4707	0.107	0.986
4708	0.107	0.986
4709	0.107	0.986
4710	0.107	0.986
4711	0.107	0.986
4712	0.107	0.986
4713	0.106	0.986
4714	0.106	0.986
4715	0.106	0.986
4716	0.106	0.986
4717	0.106	0.986
4718	0.106	0.986
4719	0.106	0.986
4720	0.106	0.986
4721	0.106	0.986
4722	0.106	0.986
4723	0.106	0.986
4724	0.106	0.986
4725	0.106	0.986
4726	0.106	0.986
4727	0.106	0.986
4728	0.106	0.986
4729	0.106	0.986
4730	0.106	0.986
4731	0.106	0.986
4732	0.106	0.986
4733	0.106	0.986
4734	0.106	0.986
4735	0.106	0.986
4736	0.106	0.986
4737	0.106	0.986
4738	0.106	0.986
4739	0.106	0.986
4740	0.106	0.986
4741	0.106	0.986
4742	0.106	0.986
4743	0.106	0.986
4744	0.106	0.986
4745	0.106	0.986
4746	0.106	0.986
4747	0.106	0.986
4748	0.106	0.986
4749	0.106	0.986
4750	0.106	0.986
4751	0.106	0.986
4752	0.106	0.986
4753	0.106	0.986
4754	0.106	0.986
4755	0.106	0.986
4756	0.106	0.986
4757	0.106	0.986
4758	0.105	0.986
4759	0.105	0.986
4760	0.105	0.986
4761	0.105	0.986
4762	0.105	0.986
4763	0.105	0.986
4764	0.105	0.986
4765	0.105	0.986
4766	0.105	0.986
4767	0.105	0.986
4768	0.105	0.986
4769	0.105	0.986
4770	0.105	0.986
4771	0.105	0.986
4772	0.105	0.986
4773	0.105	0.986
4774	0.105	0.986
4775	0.105	0.986
4776	0.105	0.986
4777	0.105	0.986
4778	0.105	0.986
4779	0.105	0.986
4780	0.105	0.986
4781	0.105	0.986
4782	0.105	0.986
4783	0.105	0.986
4784	0.105	0.986
4785	0.105	0.986
4786	0.105	0.986
4787	0.105	0.986
4788	0.105	0.986
4789	0.105	0.986
4790	0.105	0.986
4791	0.105	0.986
4792	0.105	0.986
4793	0.105	0.986
4794	0.105	0.987
4795	0.105	0.987
4796	0.105	0.987
4797	0.105	0.987
4798	0.105	0.987
4799	0.105	0.987
4800	0.105	0.987
4801	0.105	0.987
4802	0.105	0.987
4803	0.105	0.987
4804	0.105	0.987
4805	0.104	0.987
4806	0.104	0.987
4807	0.104	0.987
4808	0.104	0.987
4809	0.104	0.987
4810	0.104	0.987
4811	0.104	0.987
4812	0.104	0.987
4813	0.104	0.987
4814	0.104	0.987
4815	0.104	0.987
4816	0.104	0.987
4817	0.104	0.987
4818	0.104	0.987
4819	0.104	0.987
4820	0.104	0.987
4821	0.104	0.987
4822	0.104	0.987
4823	0.104	0.987
4824	0.104	0.987
4825	0.104	0.987
4826	0.104	0.987
4827	0.104	0.987
4828	0.104	0.987
4829	0.104	0.987
4830	0.104	0.987
4831	0.104	0.987
4832	0.104	0.987
4833	0.104	0.987
4834	0.104	0.987
4835	0.104	0.987
4836	0.104	0.987
4837	0.104	0.987
4838	0.104	0.987
4839	0.104	0.987
4840	0.104	0.987
4841	0.104	0.987
4842	0.104	0.987
4843	0.104	0.987
4844	0.104	0.987
4845	0.104	0.987
4846	0.104	0.987
4847	0.104	0.987
4848	0.104	0.987
4849	0.104	0.987
4850	0.104	0.987
4851	0.104	0.987
4852	0.103	0.987
4853	0.103	0.987
4854	0.103	0.987
4855	0.103	0.987
4856	0.103	0.987
4857	0.103	0.987
4858	0.103	0.987
4859	0.103	0.987
4860	0.103	0.987
4861	0.103	0.987
4862	0.103	0.987
4863	0.103	0.987
4864	0.103	0.987
4865	0.103	0.987
4866	0.103	0.987
4867	0.103	0.987
4868	0.103	0.987
4869	0.103	0.987
4870	0.103	0.987
4871	0.103	0.987
4872	0.103	0.987
4873	0.103	0.987
4874	0.103	0.987
4875	0.103	0.987
4876	0.103	0.987
4877	0.103	0.987
4878	0.103	0.987
4879	0.103	0.987
4880	0.103	0.987
4881	0.103	0.987
4882	0.103	0.987
4883	0.103	0.987
4884	0.103	0.987
4885	0.103	0.987
4886	0.103	0.987
4887	0.103	0.987
4888	0.103	0.987
4889	0.103	0.987
4890	0.103	0.987
4891	0.103	0.987
4892	0.103	0.987
4893	0.103	0.987
4894	0.103	0.987
4895	0.103	0.987
4896	0.103	0.987
4897	0.103	0.987
4898	0.103	0.987
4899	0.103	0.987
4900	0.102	0.987
4901	0.102	0.987
4902	0.102	0.987
4903	0.102	0.987
4904	0.102	0.987
4905	0.102	0.987
4906	0.102	0.987
4907	0.102	0.987
4908	0.102	0.987
4909	0.102	0.987
4910	0.102	0.987
4911	0.102	0.987
4912	0.102	0.987
4913	0.102	0.987
4914	0.102	0.987
4915	0.102	0.987
4916	0.102	0.987
4917	0.102	0.987
4918	0.102	0.987
4919	0.102	0.987
4920	0.102	0.987
4921	0.102	0.987
4922	0.102	0.987
4923	0.102	0.987
4924	0.102	0.987
4925	0.102	0.987
4926	0.102	0.987
4927	0.102	0.987
4928	0.102	0.987
4929	0.102	0.987
4930	0.102	0.987
4931	0.102	0.987
4932	0.102	0.987
4933	0.102	0.987
4934	0.102	0.987
4935	0.102	0.987
4936	0.102	0.987
4937	0.102	0.987
4938	0.102	0.987
4939	0.102	0.987
4940	0.102	0.987
4941	0.102	0.987
4942	0.102	0.987
4943	0.102	0.987
4944	0.102	0.987
4945	0.102	0.987
4946	0.102	0.987
4947	0.102	0.987
4948	0.102	0.987
4949	0.101	0.987
4950	0.101	0.987
4951	0.101	0.987
4952	0.101	0.987
4953	0.101	0.987
4954	0.101	0.987
4955	0.101	0.987
4956	0.101	0.987
4957	0.101	0.987
4958	0.101	0.987
4959	0.101	0.987
4960	0.101	0.987
4961	0.101	0.987
4962	0.101	0.987
4963	0.101	0.987
4964	0.101	0.987
4965	0.101	0.987
4966	0.101	0.987
4967	0.101	0.987
4968	0.101	0.987
4969	0.101	0.987
4970	0.101	0.987
4971	0.101	0.987
4972	0.101	0.987
4973	0.101	0.987
4974	0.101	0.987
4975	0.101	0.987
4976	0.101	0.987
4977	0.101	0.987
4978	0.101	0.987
4979	0.101	0.987
4980	0.101	0.987
4981	0.101	0.987
4982	0.101	0.987
4983	0.101	0.987
4984	0.101	0.987
4985	0.101	0.987
4986	0.101	0.988
4987	0.101	0.988
4988	0.101	0.988
4989	0.101	0.988
4990	0.101	0.988
4991	0.101	0.988
4992	0.101	0.988
4993	0.101	0.988
4994	0.101	0.988
4995	0.101	0.988
4996	0.101	0.988
4997	0.101	0.988
4998	0.101	0.988
4999	0.1	0.988
