L-R
f	тву	юву
0	1.0	1.0
1	0.96	1.0
2	0.92	1.0
3	0.881	1.0
4	0.843	1.0
5	0.806	1.0
6	0.77	0.999
7	0.736	0.999
8	0.703	0.999
9	0.672	0.998
10	0.643	0.998
11	0.615	0.998
12	0.589	0.997
13	0.564	0.997
14	0.541	0.996
15	0.519	0.996
16	0.498	0.995
17	0.479	0.994
18	0.461	0.994
19	0.444	0.993
20	0.428	0.992
21	0.413	0.991
22	0.399	0.991
23	0.385	0.99
24	0.373	0.989
25	0.361	0.988
26	0.35	0.987
27	0.339	0.986
28	0.329	0.985
29	0.32	0.984
30	0.311	0.983
31	0.302	0.982
32	0.294	0.98
33	0.286	0.979
34	0.279	0.978
35	0.272	0.977
36	0.265	0.975
37	0.259	0.974
38	0.253	0.973
39	0.247	0.971
40	0.241	0.97
41	0.236	0.968
42	0.231	0.967
43	0.226	0.965
44	0.221	0.964
45	0.216	0.962
46	0.212	0.961
47	0.208	0.959
48	0.204	0.957
49	0.2	0.956
50	0.196	0.954
51	0.193	0.952
52	0.189	0.951
53	0.186	0.949
54	0.182	0.947
55	0.179	0.945
56	0.176	0.943
57	0.173	0.941
58	0.17	0.94
59	0.168	0.938
60	0.165	0.936
61	0.162	0.934
62	0.16	0.932
63	0.158	0.93
64	0.155	0.928
65	0.153	0.926
66	0.151	0.924
67	0.148	0.922
68	0.146	0.92
69	0.144	0.917
70	0.142	0.915
71	0.14	0.913
72	0.138	0.911
73	0.137	0.909
74	0.135	0.907
75	0.133	0.905
76	0.131	0.902
77	0.13	0.9
78	0.128	0.898
79	0.127	0.896
80	0.125	0.893
81	0.124	0.891
82	0.122	0.889
83	0.121	0.887
84	0.119	0.884
85	0.118	0.882
86	0.116	0.88
87	0.115	0.877
88	0.114	0.875
89	0.113	0.873
90	0.111	0.87
91	0.11	0.868
92	0.109	0.866
93	0.108	0.863
94	0.107	0.861
95	0.106	0.859
96	0.105	0.856
97	0.104	0.854
98	0.102	0.852
99	0.101	0.849
100	0.1	0.847
101	0.099	0.844
102	0.099	0.842
103	0.098	0.84
104	0.097	0.837
105	0.096	0.835
106	0.095	0.832
107	0.094	0.83
108	0.093	0.827
109	0.092	0.825
110	0.091	0.823
111	0.091	0.82
112	0.09	0.818
113	0.089	0.815
114	0.088	0.813
115	0.088	0.811
116	0.087	0.808
117	0.086	0.806
118	0.085	0.803
119	0.085	0.801
120	0.084	0.798
121	0.083	0.796
122	0.083	0.794
123	0.082	0.791
124	0.081	0.789
125	0.081	0.786
126	0.08	0.784
127	0.079	0.782
128	0.079	0.779
129	0.078	0.777
130	0.078	0.774
131	0.077	0.772
132	0.076	0.77
133	0.076	0.767
134	0.075	0.765
135	0.075	0.763
136	0.074	0.76
137	0.074	0.758
138	0.073	0.756
139	0.073	0.753
140	0.072	0.751
141	0.072	0.749
142	0.071	0.746
143	0.071	0.744
144	0.07	0.742
145	0.07	0.739
146	0.069	0.737
147	0.069	0.735
148	0.068	0.732
149	0.068	0.73
150	0.067	0.728
151	0.067	0.725
152	0.066	0.723
153	0.066	0.721
154	0.066	0.719
155	0.065	0.716
156	0.065	0.714
157	0.064	0.712
158	0.064	0.71
159	0.064	0.707
160	0.063	0.705
161	0.063	0.703
162	0.062	0.701
163	0.062	0.699
164	0.062	0.696
165	0.061	0.694
166	0.061	0.692
167	0.06	0.69
168	0.06	0.688
169	0.06	0.686
170	0.059	0.683
171	0.059	0.681
172	0.059	0.679
173	0.058	0.677
174	0.058	0.675
175	0.058	0.673
176	0.057	0.671
177	0.057	0.669
178	0.057	0.667
179	0.056	0.664
180	0.056	0.662
181	0.056	0.66
182	0.056	0.658
183	0.055	0.656
184	0.055	0.654
185	0.055	0.652
186	0.054	0.65
187	0.054	0.648
188	0.054	0.646
189	0.053	0.644
190	0.053	0.642
191	0.053	0.64
192	0.053	0.638
193	0.052	0.636
194	0.052	0.634
195	0.052	0.632
196	0.052	0.63
197	0.051	0.628
198	0.051	0.627
199	0.051	0.625
200	0.051	0.623
201	0.05	0.621
202	0.05	0.619
203	0.05	0.617
204	0.05	0.615
205	0.049	0.613
206	0.049	0.611
207	0.049	0.61
208	0.049	0.608
209	0.048	0.606
210	0.048	0.604
211	0.048	0.602
212	0.048	0.6
213	0.047	0.599
214	0.047	0.597
215	0.047	0.595
216	0.047	0.593
217	0.047	0.591
218	0.046	0.59
219	0.046	0.588
220	0.046	0.586
221	0.046	0.584
222	0.046	0.583
223	0.045	0.581
224	0.045	0.579
225	0.045	0.577
226	0.045	0.576
227	0.045	0.574
228	0.044	0.572
229	0.044	0.571
230	0.044	0.569
231	0.044	0.567
232	0.044	0.566
233	0.043	0.564
234	0.043	0.562
235	0.043	0.561
236	0.043	0.559
237	0.043	0.557
238	0.043	0.556
239	0.042	0.554
240	0.042	0.553
241	0.042	0.551
242	0.042	0.549
243	0.042	0.548
244	0.041	0.546
245	0.041	0.545
246	0.041	0.543
247	0.041	0.542
248	0.041	0.54
249	0.041	0.539
250	0.04	0.537
251	0.04	0.536
252	0.04	0.534
253	0.04	0.532
254	0.04	0.531
255	0.04	0.529
256	0.04	0.528
257	0.039	0.526
258	0.039	0.525
259	0.039	0.524
260	0.039	0.522
261	0.039	0.521
262	0.039	0.519
263	0.038	0.518
264	0.038	0.516
265	0.038	0.515
266	0.038	0.513
267	0.038	0.512
268	0.038	0.511
269	0.038	0.509
270	0.037	0.508
271	0.037	0.506
272	0.037	0.505
273	0.037	0.504
274	0.037	0.502
275	0.037	0.501
276	0.037	0.5
277	0.037	0.498
278	0.036	0.497
279	0.036	0.495
280	0.036	0.494
281	0.036	0.493
282	0.036	0.492
283	0.036	0.49
284	0.036	0.489
285	0.036	0.488
286	0.035	0.486
287	0.035	0.485
288	0.035	0.484
289	0.035	0.482
290	0.035	0.481
291	0.035	0.48
292	0.035	0.479
293	0.035	0.477
294	0.034	0.476
295	0.034	0.475
296	0.034	0.474
297	0.034	0.472
298	0.034	0.471
299	0.034	0.47
300	0.034	0.469
301	0.034	0.467
302	0.034	0.466
303	0.033	0.465
304	0.033	0.464
305	0.033	0.463
306	0.033	0.461
307	0.033	0.46
308	0.033	0.459
309	0.033	0.458
310	0.033	0.457
311	0.033	0.456
312	0.032	0.454
313	0.032	0.453
314	0.032	0.452
315	0.032	0.451
316	0.032	0.45
317	0.032	0.449
318	0.032	0.448
319	0.032	0.446
320	0.032	0.445
321	0.032	0.444
322	0.031	0.443
323	0.031	0.442
324	0.031	0.441
325	0.031	0.44
326	0.031	0.439
327	0.031	0.438
328	0.031	0.437
329	0.031	0.435
330	0.031	0.434
331	0.031	0.433
332	0.03	0.432
333	0.03	0.431
334	0.03	0.43
335	0.03	0.429
336	0.03	0.428
337	0.03	0.427
338	0.03	0.426
339	0.03	0.425
340	0.03	0.424
341	0.03	0.423
342	0.03	0.422
343	0.03	0.421
344	0.029	0.42
345	0.029	0.419
346	0.029	0.418
347	0.029	0.417
348	0.029	0.416
349	0.029	0.415
350	0.029	0.414
351	0.029	0.413
352	0.029	0.412
353	0.029	0.411
354	0.029	0.41
355	0.029	0.409
356	0.028	0.408
357	0.028	0.407
358	0.028	0.406
359	0.028	0.405
360	0.028	0.404
361	0.028	0.403
362	0.028	0.402
363	0.028	0.402
364	0.028	0.401
365	0.028	0.4
366	0.028	0.399
367	0.028	0.398
368	0.028	0.397
369	0.027	0.396
370	0.027	0.395
371	0.027	0.394
372	0.027	0.393
373	0.027	0.392
374	0.027	0.392
375	0.027	0.391
376	0.027	0.39
377	0.027	0.389
378	0.027	0.388
379	0.027	0.387
380	0.027	0.386
381	0.027	0.385
382	0.027	0.385
383	0.026	0.384
384	0.026	0.383
385	0.026	0.382
386	0.026	0.381
387	0.026	0.38
388	0.026	0.38
389	0.026	0.379
390	0.026	0.378
391	0.026	0.377
392	0.026	0.376
393	0.026	0.375
394	0.026	0.375
395	0.026	0.374
396	0.026	0.373
397	0.026	0.372
398	0.025	0.371
399	0.025	0.37
400	0.025	0.37
401	0.025	0.369
402	0.025	0.368
403	0.025	0.367
404	0.025	0.367
405	0.025	0.366
406	0.025	0.365
407	0.025	0.364
408	0.025	0.363
409	0.025	0.363
410	0.025	0.362
411	0.025	0.361
412	0.025	0.36
413	0.025	0.36
414	0.024	0.359
415	0.024	0.358
416	0.024	0.357
417	0.024	0.357
418	0.024	0.356
419	0.024	0.355
420	0.024	0.354
421	0.024	0.354
422	0.024	0.353
423	0.024	0.352
424	0.024	0.351
425	0.024	0.351
426	0.024	0.35
427	0.024	0.349
428	0.024	0.349
429	0.024	0.348
430	0.024	0.347
431	0.023	0.346
432	0.023	0.346
433	0.023	0.345
434	0.023	0.344
435	0.023	0.344
436	0.023	0.343
437	0.023	0.342
438	0.023	0.342
439	0.023	0.341
440	0.023	0.34
441	0.023	0.339
442	0.023	0.339
443	0.023	0.338
444	0.023	0.337
445	0.023	0.337
446	0.023	0.336
447	0.023	0.335
448	0.023	0.335
449	0.023	0.334
450	0.023	0.333
451	0.022	0.333
452	0.022	0.332
453	0.022	0.331
454	0.022	0.331
455	0.022	0.33
456	0.022	0.33
457	0.022	0.329
458	0.022	0.328
459	0.022	0.328
460	0.022	0.327
461	0.022	0.326
462	0.022	0.326
463	0.022	0.325
464	0.022	0.324
465	0.022	0.324
466	0.022	0.323
467	0.022	0.323
468	0.022	0.322
469	0.022	0.321
470	0.022	0.321
471	0.022	0.32
472	0.021	0.32
473	0.021	0.319
474	0.021	0.318
475	0.021	0.318
476	0.021	0.317
477	0.021	0.317
478	0.021	0.316
479	0.021	0.315
480	0.021	0.315
481	0.021	0.314
482	0.021	0.314
483	0.021	0.313
484	0.021	0.312
485	0.021	0.312
486	0.021	0.311
487	0.021	0.311
488	0.021	0.31
489	0.021	0.309
490	0.021	0.309
491	0.021	0.308
492	0.021	0.308
493	0.021	0.307
494	0.021	0.307
495	0.02	0.306
496	0.02	0.306
497	0.02	0.305
498	0.02	0.304
499	0.02	0.304
500	0.02	0.303
501	0.02	0.303
502	0.02	0.302
503	0.02	0.302
504	0.02	0.301
505	0.02	0.301
506	0.02	0.3
507	0.02	0.3
508	0.02	0.299
509	0.02	0.298
510	0.02	0.298
511	0.02	0.297
512	0.02	0.297
513	0.02	0.296
514	0.02	0.296
515	0.02	0.295
516	0.02	0.295
517	0.02	0.294
518	0.02	0.294
519	0.02	0.293
520	0.019	0.293
521	0.019	0.292
522	0.019	0.292
523	0.019	0.291
524	0.019	0.291
525	0.019	0.29
526	0.019	0.29
527	0.019	0.289
528	0.019	0.289
529	0.019	0.288
530	0.019	0.288
531	0.019	0.287
532	0.019	0.287
533	0.019	0.286
534	0.019	0.286
535	0.019	0.285
536	0.019	0.285
537	0.019	0.284
538	0.019	0.284
539	0.019	0.283
540	0.019	0.283
541	0.019	0.282
542	0.019	0.282
543	0.019	0.281
544	0.019	0.281
545	0.019	0.28
546	0.019	0.28
547	0.019	0.279
548	0.018	0.279
549	0.018	0.278
550	0.018	0.278
551	0.018	0.278
552	0.018	0.277
553	0.018	0.277
554	0.018	0.276
555	0.018	0.276
556	0.018	0.275
557	0.018	0.275
558	0.018	0.274
559	0.018	0.274
560	0.018	0.273
561	0.018	0.273
562	0.018	0.272
563	0.018	0.272
564	0.018	0.272
565	0.018	0.271
566	0.018	0.271
567	0.018	0.27
568	0.018	0.27
569	0.018	0.269
570	0.018	0.269
571	0.018	0.268
572	0.018	0.268
573	0.018	0.268
574	0.018	0.267
575	0.018	0.267
576	0.018	0.266
577	0.018	0.266
578	0.018	0.265
579	0.017	0.265
580	0.017	0.265
581	0.017	0.264
582	0.017	0.264
583	0.017	0.263
584	0.017	0.263
585	0.017	0.263
586	0.017	0.262
587	0.017	0.262
588	0.017	0.261
589	0.017	0.261
590	0.017	0.26
591	0.017	0.26
592	0.017	0.26
593	0.017	0.259
594	0.017	0.259
595	0.017	0.258
596	0.017	0.258
597	0.017	0.258
598	0.017	0.257
599	0.017	0.257
600	0.017	0.256
601	0.017	0.256
602	0.017	0.256
603	0.017	0.255
604	0.017	0.255
605	0.017	0.254
606	0.017	0.254
607	0.017	0.254
608	0.017	0.253
609	0.017	0.253
610	0.017	0.252
611	0.017	0.252
612	0.017	0.252
613	0.017	0.251
614	0.016	0.251
615	0.016	0.251
616	0.016	0.25
617	0.016	0.25
618	0.016	0.249
619	0.016	0.249
620	0.016	0.249
621	0.016	0.248
622	0.016	0.248
623	0.016	0.248
624	0.016	0.247
625	0.016	0.247
626	0.016	0.246
627	0.016	0.246
628	0.016	0.246
629	0.016	0.245
630	0.016	0.245
631	0.016	0.245
632	0.016	0.244
633	0.016	0.244
634	0.016	0.243
635	0.016	0.243
636	0.016	0.243
637	0.016	0.242
638	0.016	0.242
639	0.016	0.242
640	0.016	0.241
641	0.016	0.241
642	0.016	0.241
643	0.016	0.24
644	0.016	0.24
645	0.016	0.24
646	0.016	0.239
647	0.016	0.239
648	0.016	0.239
649	0.016	0.238
650	0.016	0.238
651	0.016	0.237
652	0.016	0.237
653	0.016	0.237
654	0.015	0.236
655	0.015	0.236
656	0.015	0.236
657	0.015	0.235
658	0.015	0.235
659	0.015	0.235
660	0.015	0.234
661	0.015	0.234
662	0.015	0.234
663	0.015	0.233
664	0.015	0.233
665	0.015	0.233
666	0.015	0.232
667	0.015	0.232
668	0.015	0.232
669	0.015	0.231
670	0.015	0.231
671	0.015	0.231
672	0.015	0.23
673	0.015	0.23
674	0.015	0.23
675	0.015	0.229
676	0.015	0.229
677	0.015	0.229
678	0.015	0.229
679	0.015	0.228
680	0.015	0.228
681	0.015	0.228
682	0.015	0.227
683	0.015	0.227
684	0.015	0.227
685	0.015	0.226
686	0.015	0.226
687	0.015	0.226
688	0.015	0.225
689	0.015	0.225
690	0.015	0.225
691	0.015	0.224
692	0.015	0.224
693	0.015	0.224
694	0.015	0.224
695	0.015	0.223
696	0.015	0.223
697	0.015	0.223
698	0.015	0.222
699	0.014	0.222
700	0.014	0.222
701	0.014	0.221
702	0.014	0.221
703	0.014	0.221
704	0.014	0.221
705	0.014	0.22
706	0.014	0.22
707	0.014	0.22
708	0.014	0.219
709	0.014	0.219
710	0.014	0.219
711	0.014	0.218
712	0.014	0.218
713	0.014	0.218
714	0.014	0.218
715	0.014	0.217
716	0.014	0.217
717	0.014	0.217
718	0.014	0.216
719	0.014	0.216
720	0.014	0.216
721	0.014	0.216
722	0.014	0.215
723	0.014	0.215
724	0.014	0.215
725	0.014	0.214
726	0.014	0.214
727	0.014	0.214
728	0.014	0.214
729	0.014	0.213
730	0.014	0.213
731	0.014	0.213
732	0.014	0.212
733	0.014	0.212
734	0.014	0.212
735	0.014	0.212
736	0.014	0.211
737	0.014	0.211
738	0.014	0.211
739	0.014	0.211
740	0.014	0.21
741	0.014	0.21
742	0.014	0.21
743	0.014	0.209
744	0.014	0.209
745	0.014	0.209
746	0.014	0.209
747	0.014	0.208
748	0.014	0.208
749	0.014	0.208
750	0.014	0.208
751	0.013	0.207
752	0.013	0.207
753	0.013	0.207
754	0.013	0.207
755	0.013	0.206
756	0.013	0.206
757	0.013	0.206
758	0.013	0.205
759	0.013	0.205
760	0.013	0.205
761	0.013	0.205
762	0.013	0.204
763	0.013	0.204
764	0.013	0.204
765	0.013	0.204
766	0.013	0.203
767	0.013	0.203
768	0.013	0.203
769	0.013	0.203
770	0.013	0.202
771	0.013	0.202
772	0.013	0.202
773	0.013	0.202
774	0.013	0.201
775	0.013	0.201
776	0.013	0.201
777	0.013	0.201
778	0.013	0.2
779	0.013	0.2
780	0.013	0.2
781	0.013	0.2
782	0.013	0.199
783	0.013	0.199
784	0.013	0.199
785	0.013	0.199
786	0.013	0.198
787	0.013	0.198
788	0.013	0.198
789	0.013	0.198
790	0.013	0.197
791	0.013	0.197
792	0.013	0.197
793	0.013	0.197
794	0.013	0.197
795	0.013	0.196
796	0.013	0.196
797	0.013	0.196
798	0.013	0.196
799	0.013	0.195
800	0.013	0.195
801	0.013	0.195
802	0.013	0.195
803	0.013	0.194
804	0.013	0.194
805	0.013	0.194
806	0.013	0.194
807	0.013	0.193
808	0.013	0.193
809	0.013	0.193
810	0.013	0.193
811	0.012	0.193
812	0.012	0.192
813	0.012	0.192
814	0.012	0.192
815	0.012	0.192
816	0.012	0.191
817	0.012	0.191
818	0.012	0.191
819	0.012	0.191
820	0.012	0.191
821	0.012	0.19
822	0.012	0.19
823	0.012	0.19
824	0.012	0.19
825	0.012	0.189
826	0.012	0.189
827	0.012	0.189
828	0.012	0.189
829	0.012	0.189
830	0.012	0.188
831	0.012	0.188
832	0.012	0.188
833	0.012	0.188
834	0.012	0.187
835	0.012	0.187
836	0.012	0.187
837	0.012	0.187
838	0.012	0.187
839	0.012	0.186
840	0.012	0.186
841	0.012	0.186
842	0.012	0.186
843	0.012	0.186
844	0.012	0.185
845	0.012	0.185
846	0.012	0.185
847	0.012	0.185
848	0.012	0.184
849	0.012	0.184
850	0.012	0.184
851	0.012	0.184
852	0.012	0.184
853	0.012	0.183
854	0.012	0.183
855	0.012	0.183
856	0.012	0.183
857	0.012	0.183
858	0.012	0.182
859	0.012	0.182
860	0.012	0.182
861	0.012	0.182
862	0.012	0.182
863	0.012	0.181
864	0.012	0.181
865	0.012	0.181
866	0.012	0.181
867	0.012	0.181
868	0.012	0.18
869	0.012	0.18
870	0.012	0.18
871	0.012	0.18
872	0.012	0.18
873	0.012	0.179
874	0.012	0.179
875	0.012	0.179
876	0.012	0.179
877	0.012	0.179
878	0.012	0.178
879	0.012	0.178
880	0.012	0.178
881	0.011	0.178
882	0.011	0.178
883	0.011	0.177
884	0.011	0.177
885	0.011	0.177
886	0.011	0.177
887	0.011	0.177
888	0.011	0.176
889	0.011	0.176
890	0.011	0.176
891	0.011	0.176
892	0.011	0.176
893	0.011	0.175
894	0.011	0.175
895	0.011	0.175
896	0.011	0.175
897	0.011	0.175
898	0.011	0.175
899	0.011	0.174
900	0.011	0.174
901	0.011	0.174
902	0.011	0.174
903	0.011	0.174
904	0.011	0.173
905	0.011	0.173
906	0.011	0.173
907	0.011	0.173
908	0.011	0.173
909	0.011	0.172
910	0.011	0.172
911	0.011	0.172
912	0.011	0.172
913	0.011	0.172
914	0.011	0.172
915	0.011	0.171
916	0.011	0.171
917	0.011	0.171
918	0.011	0.171
919	0.011	0.171
920	0.011	0.17
921	0.011	0.17
922	0.011	0.17
923	0.011	0.17
924	0.011	0.17
925	0.011	0.17
926	0.011	0.169
927	0.011	0.169
928	0.011	0.169
929	0.011	0.169
930	0.011	0.169
931	0.011	0.169
932	0.011	0.168
933	0.011	0.168
934	0.011	0.168
935	0.011	0.168
936	0.011	0.168
937	0.011	0.167
938	0.011	0.167
939	0.011	0.167
940	0.011	0.167
941	0.011	0.167
942	0.011	0.167
943	0.011	0.166
944	0.011	0.166
945	0.011	0.166
946	0.011	0.166
947	0.011	0.166
948	0.011	0.166
949	0.011	0.165
950	0.011	0.165
951	0.011	0.165
952	0.011	0.165
953	0.011	0.165
954	0.011	0.165
955	0.011	0.164
956	0.011	0.164
957	0.011	0.164
958	0.011	0.164
959	0.011	0.164
960	0.011	0.164
961	0.011	0.163
962	0.011	0.163
963	0.011	0.163
964	0.011	0.163
965	0.01	0.163
966	0.01	0.163
967	0.01	0.162
968	0.01	0.162
969	0.01	0.162
970	0.01	0.162
971	0.01	0.162
972	0.01	0.162
973	0.01	0.161
974	0.01	0.161
975	0.01	0.161
976	0.01	0.161
977	0.01	0.161
978	0.01	0.161
979	0.01	0.16
980	0.01	0.16
981	0.01	0.16
982	0.01	0.16
983	0.01	0.16
984	0.01	0.16
985	0.01	0.16
986	0.01	0.159
987	0.01	0.159
988	0.01	0.159
989	0.01	0.159
990	0.01	0.159
991	0.01	0.159
992	0.01	0.158
993	0.01	0.158
994	0.01	0.158
995	0.01	0.158
996	0.01	0.158
997	0.01	0.158
998	0.01	0.157
999	0.01	0.157
