R-C
f	тву	юву
0	1.0	1.0
1	0.999	1.0
2	0.998	1.0
3	0.998	1.0
4	0.997	1.0
5	0.996	1.0
6	0.995	1.0
7	0.994	1.0
8	0.994	1.0
9	0.993	1.0
10	0.992	1.0
11	0.991	1.0
12	0.99	1.0
13	0.99	1.0
14	0.989	1.0
15	0.988	1.0
16	0.987	1.0
17	0.986	1.0
18	0.986	1.0
19	0.985	1.0
20	0.984	1.0
21	0.983	1.0
22	0.982	1.0
23	0.982	1.0
24	0.981	1.0
25	0.98	1.0
26	0.979	0.999
27	0.978	0.999
28	0.978	0.999
29	0.977	0.999
30	0.976	0.999
31	0.975	0.999
32	0.974	0.999
33	0.974	0.999
34	0.973	0.999
35	0.972	0.999
36	0.971	0.999
37	0.97	0.999
38	0.97	0.999
39	0.969	0.999
40	0.968	0.999
41	0.967	0.999
42	0.966	0.999
43	0.966	0.999
44	0.965	0.998
45	0.964	0.998
46	0.963	0.998
47	0.962	0.998
48	0.962	0.998
49	0.961	0.998
50	0.96	0.998
51	0.959	0.998
52	0.958	0.998
53	0.958	0.998
54	0.957	0.998
55	0.956	0.998
56	0.955	0.998
57	0.954	0.997
58	0.954	0.997
59	0.953	0.997
60	0.952	0.997
61	0.951	0.997
62	0.95	0.997
63	0.95	0.997
64	0.949	0.997
65	0.948	0.997
66	0.947	0.997
67	0.947	0.996
68	0.946	0.996
69	0.945	0.996
70	0.944	0.996
71	0.943	0.996
72	0.943	0.996
73	0.942	0.996
74	0.941	0.996
75	0.94	0.996
76	0.939	0.995
77	0.939	0.995
78	0.938	0.995
79	0.937	0.995
80	0.936	0.995
81	0.935	0.995
82	0.935	0.995
83	0.934	0.995
84	0.933	0.994
85	0.932	0.994
86	0.931	0.994
87	0.931	0.994
88	0.93	0.994
89	0.929	0.994
90	0.928	0.994
91	0.928	0.994
92	0.927	0.993
93	0.926	0.993
94	0.925	0.993
95	0.924	0.993
96	0.924	0.993
97	0.923	0.993
98	0.922	0.993
99	0.921	0.992
100	0.92	0.992
101	0.92	0.992
102	0.919	0.992
103	0.918	0.992
104	0.917	0.992
105	0.916	0.991
106	0.916	0.991
107	0.915	0.991
108	0.914	0.991
109	0.913	0.991
110	0.913	0.991
111	0.912	0.99
112	0.911	0.99
113	0.91	0.99
114	0.909	0.99
115	0.909	0.99
116	0.908	0.99
117	0.907	0.989
118	0.906	0.989
119	0.906	0.989
120	0.905	0.989
121	0.904	0.989
122	0.903	0.988
123	0.902	0.988
124	0.902	0.988
125	0.901	0.988
126	0.9	0.988
127	0.899	0.988
128	0.898	0.987
129	0.898	0.987
130	0.897	0.987
131	0.896	0.987
132	0.895	0.987
133	0.895	0.986
134	0.894	0.986
135	0.893	0.986
136	0.892	0.986
137	0.891	0.986
138	0.891	0.985
139	0.89	0.985
140	0.889	0.985
141	0.888	0.985
142	0.888	0.984
143	0.887	0.984
144	0.886	0.984
145	0.885	0.984
146	0.884	0.984
147	0.884	0.983
148	0.883	0.983
149	0.882	0.983
150	0.881	0.983
151	0.881	0.982
152	0.88	0.982
153	0.879	0.982
154	0.878	0.982
155	0.878	0.982
156	0.877	0.981
157	0.876	0.981
158	0.875	0.981
159	0.874	0.981
160	0.874	0.98
161	0.873	0.98
162	0.872	0.98
163	0.871	0.98
164	0.871	0.979
165	0.87	0.979
166	0.869	0.979
167	0.868	0.979
168	0.868	0.978
169	0.867	0.978
170	0.866	0.978
171	0.865	0.978
172	0.864	0.977
173	0.864	0.977
174	0.863	0.977
175	0.862	0.977
176	0.861	0.976
177	0.861	0.976
178	0.86	0.976
179	0.859	0.976
180	0.858	0.975
181	0.858	0.975
182	0.857	0.975
183	0.856	0.975
184	0.855	0.974
185	0.855	0.974
186	0.854	0.974
187	0.853	0.973
188	0.852	0.973
189	0.852	0.973
190	0.851	0.973
191	0.85	0.972
192	0.849	0.972
193	0.849	0.972
194	0.848	0.972
195	0.847	0.971
196	0.846	0.971
197	0.846	0.971
198	0.845	0.97
199	0.844	0.97
200	0.843	0.97
201	0.842	0.97
202	0.842	0.969
203	0.841	0.969
204	0.84	0.969
205	0.839	0.968
206	0.839	0.968
207	0.838	0.968
208	0.837	0.967
209	0.836	0.967
210	0.836	0.967
211	0.835	0.967
212	0.834	0.966
213	0.834	0.966
214	0.833	0.966
215	0.832	0.965
216	0.831	0.965
217	0.831	0.965
218	0.83	0.964
219	0.829	0.964
220	0.828	0.964
221	0.828	0.964
222	0.827	0.963
223	0.826	0.963
224	0.825	0.963
225	0.825	0.962
226	0.824	0.962
227	0.823	0.962
228	0.822	0.961
229	0.822	0.961
230	0.821	0.961
231	0.82	0.96
232	0.819	0.96
233	0.819	0.96
234	0.818	0.959
235	0.817	0.959
236	0.816	0.959
237	0.816	0.958
238	0.815	0.958
239	0.814	0.958
240	0.814	0.957
241	0.813	0.957
242	0.812	0.957
243	0.811	0.956
244	0.811	0.956
245	0.81	0.956
246	0.809	0.955
247	0.808	0.955
248	0.808	0.955
249	0.807	0.954
250	0.806	0.954
251	0.805	0.954
252	0.805	0.953
253	0.804	0.953
254	0.803	0.953
255	0.803	0.952
256	0.802	0.952
257	0.801	0.952
258	0.8	0.951
259	0.8	0.951
260	0.799	0.951
261	0.798	0.95
262	0.798	0.95
263	0.797	0.949
264	0.796	0.949
265	0.795	0.949
266	0.795	0.948
267	0.794	0.948
268	0.793	0.948
269	0.792	0.947
270	0.792	0.947
271	0.791	0.947
272	0.79	0.946
273	0.79	0.946
274	0.789	0.946
275	0.788	0.945
276	0.787	0.945
277	0.787	0.944
278	0.786	0.944
279	0.785	0.944
280	0.785	0.943
281	0.784	0.943
282	0.783	0.943
283	0.782	0.942
284	0.782	0.942
285	0.781	0.941
286	0.78	0.941
287	0.78	0.941
288	0.779	0.94
289	0.778	0.94
290	0.778	0.94
291	0.777	0.939
292	0.776	0.939
293	0.775	0.938
294	0.775	0.938
295	0.774	0.938
296	0.773	0.937
297	0.773	0.937
298	0.772	0.936
299	0.771	0.936
300	0.77	0.936
301	0.77	0.935
302	0.769	0.935
303	0.768	0.935
304	0.768	0.934
305	0.767	0.934
306	0.766	0.933
307	0.766	0.933
308	0.765	0.933
309	0.764	0.932
310	0.764	0.932
311	0.763	0.931
312	0.762	0.931
313	0.761	0.931
314	0.761	0.93
315	0.76	0.93
316	0.759	0.929
317	0.759	0.929
318	0.758	0.929
319	0.757	0.928
320	0.757	0.928
321	0.756	0.927
322	0.755	0.927
323	0.755	0.927
324	0.754	0.926
325	0.753	0.926
326	0.752	0.925
327	0.752	0.925
328	0.751	0.925
329	0.75	0.924
330	0.75	0.924
331	0.749	0.923
332	0.748	0.923
333	0.748	0.922
334	0.747	0.922
335	0.746	0.922
336	0.746	0.921
337	0.745	0.921
338	0.744	0.92
339	0.744	0.92
340	0.743	0.92
341	0.742	0.919
342	0.742	0.919
343	0.741	0.918
344	0.74	0.918
345	0.74	0.917
346	0.739	0.917
347	0.738	0.917
348	0.738	0.916
349	0.737	0.916
350	0.736	0.915
351	0.736	0.915
352	0.735	0.915
353	0.734	0.914
354	0.734	0.914
355	0.733	0.913
356	0.732	0.913
357	0.732	0.912
358	0.731	0.912
359	0.73	0.912
360	0.73	0.911
361	0.729	0.911
362	0.728	0.91
363	0.728	0.91
364	0.727	0.909
365	0.726	0.909
366	0.726	0.909
367	0.725	0.908
368	0.724	0.908
369	0.724	0.907
370	0.723	0.907
371	0.722	0.906
372	0.722	0.906
373	0.721	0.905
374	0.72	0.905
375	0.72	0.905
376	0.719	0.904
377	0.718	0.904
378	0.718	0.903
379	0.717	0.903
380	0.716	0.902
381	0.716	0.902
382	0.715	0.902
383	0.714	0.901
384	0.714	0.901
385	0.713	0.9
386	0.712	0.9
387	0.712	0.899
388	0.711	0.899
389	0.711	0.898
390	0.71	0.898
391	0.709	0.898
392	0.709	0.897
393	0.708	0.897
394	0.707	0.896
395	0.707	0.896
396	0.706	0.895
397	0.705	0.895
398	0.705	0.894
399	0.704	0.894
400	0.703	0.893
401	0.703	0.893
402	0.702	0.893
403	0.702	0.892
404	0.701	0.892
405	0.7	0.891
406	0.7	0.891
407	0.699	0.89
408	0.698	0.89
409	0.698	0.889
410	0.697	0.889
411	0.696	0.888
412	0.696	0.888
413	0.695	0.888
414	0.695	0.887
415	0.694	0.887
416	0.693	0.886
417	0.693	0.886
418	0.692	0.885
419	0.691	0.885
420	0.691	0.884
421	0.69	0.884
422	0.69	0.883
423	0.689	0.883
424	0.688	0.883
425	0.688	0.882
426	0.687	0.882
427	0.686	0.881
428	0.686	0.881
429	0.685	0.88
430	0.685	0.88
431	0.684	0.879
432	0.683	0.879
433	0.683	0.878
434	0.682	0.878
435	0.682	0.877
436	0.681	0.877
437	0.68	0.877
438	0.68	0.876
439	0.679	0.876
440	0.678	0.875
441	0.678	0.875
442	0.677	0.874
443	0.677	0.874
444	0.676	0.873
445	0.675	0.873
446	0.675	0.872
447	0.674	0.872
448	0.674	0.871
449	0.673	0.871
450	0.672	0.87
451	0.672	0.87
452	0.671	0.87
453	0.671	0.869
454	0.67	0.869
455	0.669	0.868
456	0.669	0.868
457	0.668	0.867
458	0.668	0.867
459	0.667	0.866
460	0.666	0.866
461	0.666	0.865
462	0.665	0.865
463	0.665	0.864
464	0.664	0.864
465	0.663	0.863
466	0.663	0.863
467	0.662	0.862
468	0.662	0.862
469	0.661	0.862
470	0.66	0.861
471	0.66	0.861
472	0.659	0.86
473	0.659	0.86
474	0.658	0.859
475	0.657	0.859
476	0.657	0.858
477	0.656	0.858
478	0.656	0.857
479	0.655	0.857
480	0.654	0.856
481	0.654	0.856
482	0.653	0.855
483	0.653	0.855
484	0.652	0.854
485	0.652	0.854
486	0.651	0.853
487	0.65	0.853
488	0.65	0.852
489	0.649	0.852
490	0.649	0.852
491	0.648	0.851
492	0.647	0.851
493	0.647	0.85
494	0.646	0.85
495	0.646	0.849
496	0.645	0.849
497	0.645	0.848
498	0.644	0.848
499	0.643	0.847
500	0.643	0.847
501	0.642	0.846
502	0.642	0.846
503	0.641	0.845
504	0.641	0.845
505	0.64	0.844
506	0.639	0.844
507	0.639	0.843
508	0.638	0.843
509	0.638	0.842
510	0.637	0.842
511	0.637	0.841
512	0.636	0.841
513	0.635	0.84
514	0.635	0.84
515	0.634	0.84
516	0.634	0.839
517	0.633	0.839
518	0.633	0.838
519	0.632	0.838
520	0.632	0.837
521	0.631	0.837
522	0.63	0.836
523	0.63	0.836
524	0.629	0.835
525	0.629	0.835
526	0.628	0.834
527	0.628	0.834
528	0.627	0.833
529	0.627	0.833
530	0.626	0.832
531	0.625	0.832
532	0.625	0.831
533	0.624	0.831
534	0.624	0.83
535	0.623	0.83
536	0.623	0.829
537	0.622	0.829
538	0.622	0.828
539	0.621	0.828
540	0.62	0.827
541	0.62	0.827
542	0.619	0.827
543	0.619	0.826
544	0.618	0.826
545	0.618	0.825
546	0.617	0.825
547	0.617	0.824
548	0.616	0.824
549	0.616	0.823
550	0.615	0.823
551	0.614	0.822
552	0.614	0.822
553	0.613	0.821
554	0.613	0.821
555	0.612	0.82
556	0.612	0.82
557	0.611	0.819
558	0.611	0.819
559	0.61	0.818
560	0.61	0.818
561	0.609	0.817
562	0.609	0.817
563	0.608	0.816
564	0.607	0.816
565	0.607	0.815
566	0.606	0.815
567	0.606	0.814
568	0.605	0.814
569	0.605	0.813
570	0.604	0.813
571	0.604	0.812
572	0.603	0.812
573	0.603	0.812
574	0.602	0.811
575	0.602	0.811
576	0.601	0.81
577	0.601	0.81
578	0.6	0.809
579	0.6	0.809
580	0.599	0.808
581	0.599	0.808
582	0.598	0.807
583	0.597	0.807
584	0.597	0.806
585	0.596	0.806
586	0.596	0.805
587	0.595	0.805
588	0.595	0.804
589	0.594	0.804
590	0.594	0.803
591	0.593	0.803
592	0.593	0.802
593	0.592	0.802
594	0.592	0.801
595	0.591	0.801
596	0.591	0.8
597	0.59	0.8
598	0.59	0.799
599	0.589	0.799
600	0.589	0.798
601	0.588	0.798
602	0.588	0.798
603	0.587	0.797
604	0.587	0.797
605	0.586	0.796
606	0.586	0.796
607	0.585	0.795
608	0.585	0.795
609	0.584	0.794
610	0.584	0.794
611	0.583	0.793
612	0.583	0.793
613	0.582	0.792
614	0.582	0.792
615	0.581	0.791
616	0.581	0.791
617	0.58	0.79
618	0.58	0.79
619	0.579	0.789
620	0.579	0.789
621	0.578	0.788
622	0.578	0.788
623	0.577	0.787
624	0.577	0.787
625	0.576	0.786
626	0.576	0.786
627	0.575	0.785
628	0.575	0.785
629	0.574	0.785
630	0.574	0.784
631	0.573	0.784
632	0.573	0.783
633	0.572	0.783
634	0.572	0.782
635	0.571	0.782
636	0.571	0.781
637	0.57	0.781
638	0.57	0.78
639	0.569	0.78
640	0.569	0.779
641	0.568	0.779
642	0.568	0.778
643	0.567	0.778
644	0.567	0.777
645	0.566	0.777
646	0.566	0.776
647	0.565	0.776
648	0.565	0.775
649	0.564	0.775
650	0.564	0.774
651	0.563	0.774
652	0.563	0.774
653	0.563	0.773
654	0.562	0.773
655	0.562	0.772
656	0.561	0.772
657	0.561	0.771
658	0.56	0.771
659	0.56	0.77
660	0.559	0.77
661	0.559	0.769
662	0.558	0.769
663	0.558	0.768
664	0.557	0.768
665	0.557	0.767
666	0.556	0.767
667	0.556	0.766
668	0.555	0.766
669	0.555	0.765
670	0.554	0.765
671	0.554	0.764
672	0.554	0.764
673	0.553	0.764
674	0.553	0.763
675	0.552	0.763
676	0.552	0.762
677	0.551	0.762
678	0.551	0.761
679	0.55	0.761
680	0.55	0.76
681	0.549	0.76
682	0.549	0.759
683	0.548	0.759
684	0.548	0.758
685	0.548	0.758
686	0.547	0.757
687	0.547	0.757
688	0.546	0.756
689	0.546	0.756
690	0.545	0.756
691	0.545	0.755
692	0.544	0.755
693	0.544	0.754
694	0.543	0.754
695	0.543	0.753
696	0.543	0.753
697	0.542	0.752
698	0.542	0.752
699	0.541	0.751
700	0.541	0.751
701	0.54	0.75
702	0.54	0.75
703	0.539	0.749
704	0.539	0.749
705	0.538	0.749
706	0.538	0.748
707	0.538	0.748
708	0.537	0.747
709	0.537	0.747
710	0.536	0.746
711	0.536	0.746
712	0.535	0.745
713	0.535	0.745
714	0.534	0.744
715	0.534	0.744
716	0.534	0.743
717	0.533	0.743
718	0.533	0.742
719	0.532	0.742
720	0.532	0.742
721	0.531	0.741
722	0.531	0.741
723	0.53	0.74
724	0.53	0.74
725	0.53	0.739
726	0.529	0.739
727	0.529	0.738
728	0.528	0.738
729	0.528	0.737
730	0.527	0.737
731	0.527	0.736
732	0.527	0.736
733	0.526	0.736
734	0.526	0.735
735	0.525	0.735
736	0.525	0.734
737	0.524	0.734
738	0.524	0.733
739	0.524	0.733
740	0.523	0.732
741	0.523	0.732
742	0.522	0.731
743	0.522	0.731
744	0.521	0.73
745	0.521	0.73
746	0.521	0.73
747	0.52	0.729
748	0.52	0.729
749	0.519	0.728
750	0.519	0.728
751	0.518	0.727
752	0.518	0.727
753	0.518	0.726
754	0.517	0.726
755	0.517	0.725
756	0.516	0.725
757	0.516	0.725
758	0.515	0.724
759	0.515	0.724
760	0.515	0.723
761	0.514	0.723
762	0.514	0.722
763	0.513	0.722
764	0.513	0.721
765	0.513	0.721
766	0.512	0.72
767	0.512	0.72
768	0.511	0.72
769	0.511	0.719
770	0.51	0.719
771	0.51	0.718
772	0.51	0.718
773	0.509	0.717
774	0.509	0.717
775	0.508	0.716
776	0.508	0.716
777	0.508	0.715
778	0.507	0.715
779	0.507	0.715
780	0.506	0.714
781	0.506	0.714
782	0.506	0.713
783	0.505	0.713
784	0.505	0.712
785	0.504	0.712
786	0.504	0.711
787	0.504	0.711
788	0.503	0.711
789	0.503	0.71
790	0.502	0.71
791	0.502	0.709
792	0.502	0.709
793	0.501	0.708
794	0.501	0.708
795	0.5	0.707
796	0.5	0.707
797	0.5	0.707
798	0.499	0.706
799	0.499	0.706
800	0.498	0.705
801	0.498	0.705
802	0.498	0.704
803	0.497	0.704
804	0.497	0.703
805	0.496	0.703
806	0.496	0.703
807	0.496	0.702
808	0.495	0.702
809	0.495	0.701
810	0.494	0.701
811	0.494	0.7
812	0.494	0.7
813	0.493	0.699
814	0.493	0.699
815	0.492	0.699
816	0.492	0.698
817	0.492	0.698
818	0.491	0.697
819	0.491	0.697
820	0.49	0.696
821	0.49	0.696
822	0.49	0.696
823	0.489	0.695
824	0.489	0.695
825	0.489	0.694
826	0.488	0.694
827	0.488	0.693
828	0.487	0.693
829	0.487	0.693
830	0.487	0.692
831	0.486	0.692
832	0.486	0.691
833	0.485	0.691
834	0.485	0.69
835	0.485	0.69
836	0.484	0.689
837	0.484	0.689
838	0.484	0.689
839	0.483	0.688
840	0.483	0.688
841	0.482	0.687
842	0.482	0.687
843	0.482	0.686
844	0.481	0.686
845	0.481	0.686
846	0.481	0.685
847	0.48	0.685
848	0.48	0.684
849	0.479	0.684
850	0.479	0.683
851	0.479	0.683
852	0.478	0.683
853	0.478	0.682
854	0.478	0.682
855	0.477	0.681
856	0.477	0.681
857	0.476	0.68
858	0.476	0.68
859	0.476	0.68
860	0.475	0.679
861	0.475	0.679
862	0.475	0.678
863	0.474	0.678
864	0.474	0.677
865	0.473	0.677
866	0.473	0.677
867	0.473	0.676
868	0.472	0.676
869	0.472	0.675
870	0.472	0.675
871	0.471	0.675
872	0.471	0.674
873	0.471	0.674
874	0.47	0.673
875	0.47	0.673
876	0.469	0.672
877	0.469	0.672
878	0.469	0.672
879	0.468	0.671
880	0.468	0.671
881	0.468	0.67
882	0.467	0.67
883	0.467	0.669
884	0.467	0.669
885	0.466	0.669
886	0.466	0.668
887	0.466	0.668
888	0.465	0.667
889	0.465	0.667
890	0.464	0.667
891	0.464	0.666
892	0.464	0.666
893	0.463	0.665
894	0.463	0.665
895	0.463	0.664
896	0.462	0.664
897	0.462	0.664
898	0.462	0.663
899	0.461	0.663
900	0.461	0.662
901	0.461	0.662
902	0.46	0.662
903	0.46	0.661
904	0.46	0.661
905	0.459	0.66
906	0.459	0.66
907	0.458	0.66
908	0.458	0.659
909	0.458	0.659
910	0.457	0.658
911	0.457	0.658
912	0.457	0.657
913	0.456	0.657
914	0.456	0.657
915	0.456	0.656
916	0.455	0.656
917	0.455	0.655
918	0.455	0.655
919	0.454	0.655
920	0.454	0.654
921	0.454	0.654
922	0.453	0.653
923	0.453	0.653
924	0.453	0.653
925	0.452	0.652
926	0.452	0.652
927	0.452	0.651
928	0.451	0.651
929	0.451	0.651
930	0.451	0.65
931	0.45	0.65
932	0.45	0.649
933	0.45	0.649
934	0.449	0.649
935	0.449	0.648
936	0.449	0.648
937	0.448	0.647
938	0.448	0.647
939	0.448	0.647
940	0.447	0.646
941	0.447	0.646
942	0.447	0.645
943	0.446	0.645
944	0.446	0.645
945	0.446	0.644
946	0.445	0.644
947	0.445	0.643
948	0.445	0.643
949	0.444	0.643
950	0.444	0.642
951	0.444	0.642
952	0.443	0.641
953	0.443	0.641
954	0.443	0.641
955	0.442	0.64
956	0.442	0.64
957	0.442	0.639
958	0.441	0.639
959	0.441	0.639
960	0.441	0.638
961	0.44	0.638
962	0.44	0.637
963	0.44	0.637
964	0.439	0.637
965	0.439	0.636
966	0.439	0.636
967	0.438	0.635
968	0.438	0.635
969	0.438	0.635
970	0.437	0.634
971	0.437	0.634
972	0.437	0.633
973	0.436	0.633
974	0.436	0.633
975	0.436	0.632
976	0.435	0.632
977	0.435	0.632
978	0.435	0.631
979	0.435	0.631
980	0.434	0.63
981	0.434	0.63
982	0.434	0.63
983	0.433	0.629
984	0.433	0.629
985	0.433	0.628
986	0.432	0.628
987	0.432	0.628
988	0.432	0.627
989	0.431	0.627
990	0.431	0.627
991	0.431	0.626
992	0.43	0.626
993	0.43	0.625
994	0.43	0.625
995	0.429	0.625
996	0.429	0.624
997	0.429	0.624
998	0.429	0.623
999	0.428	0.623
1000	0.428	0.623
1001	0.428	0.622
1002	0.427	0.622
1003	0.427	0.622
1004	0.427	0.621
1005	0.426	0.621
1006	0.426	0.62
1007	0.426	0.62
1008	0.425	0.62
1009	0.425	0.619
1010	0.425	0.619
1011	0.425	0.619
1012	0.424	0.618
1013	0.424	0.618
1014	0.424	0.617
1015	0.423	0.617
1016	0.423	0.617
1017	0.423	0.616
1018	0.422	0.616
1019	0.422	0.615
1020	0.422	0.615
1021	0.421	0.615
1022	0.421	0.614
1023	0.421	0.614
1024	0.421	0.614
1025	0.42	0.613
1026	0.42	0.613
1027	0.42	0.612
1028	0.419	0.612
1029	0.419	0.612
1030	0.419	0.611
1031	0.418	0.611
1032	0.418	0.611
1033	0.418	0.61
1034	0.418	0.61
1035	0.417	0.61
1036	0.417	0.609
1037	0.417	0.609
1038	0.416	0.608
1039	0.416	0.608
1040	0.416	0.608
1041	0.416	0.607
1042	0.415	0.607
1043	0.415	0.607
1044	0.415	0.606
1045	0.414	0.606
1046	0.414	0.605
1047	0.414	0.605
1048	0.413	0.605
1049	0.413	0.604
1050	0.413	0.604
1051	0.413	0.604
1052	0.412	0.603
1053	0.412	0.603
1054	0.412	0.603
1055	0.411	0.602
1056	0.411	0.602
1057	0.411	0.601
1058	0.411	0.601
1059	0.41	0.601
1060	0.41	0.6
1061	0.41	0.6
1062	0.409	0.6
1063	0.409	0.599
1064	0.409	0.599
1065	0.409	0.599
1066	0.408	0.598
1067	0.408	0.598
1068	0.408	0.597
1069	0.407	0.597
1070	0.407	0.597
1071	0.407	0.596
1072	0.407	0.596
1073	0.406	0.596
1074	0.406	0.595
1075	0.406	0.595
1076	0.405	0.595
1077	0.405	0.594
1078	0.405	0.594
1079	0.405	0.594
1080	0.404	0.593
1081	0.404	0.593
1082	0.404	0.592
1083	0.403	0.592
1084	0.403	0.592
1085	0.403	0.591
1086	0.403	0.591
1087	0.402	0.591
1088	0.402	0.59
1089	0.402	0.59
1090	0.401	0.59
1091	0.401	0.589
1092	0.401	0.589
1093	0.401	0.589
1094	0.4	0.588
1095	0.4	0.588
1096	0.4	0.588
1097	0.4	0.587
1098	0.399	0.587
1099	0.399	0.586
1100	0.399	0.586
1101	0.398	0.586
1102	0.398	0.585
1103	0.398	0.585
1104	0.398	0.585
1105	0.397	0.584
1106	0.397	0.584
1107	0.397	0.584
1108	0.397	0.583
1109	0.396	0.583
1110	0.396	0.583
1111	0.396	0.582
1112	0.395	0.582
1113	0.395	0.582
1114	0.395	0.581
1115	0.395	0.581
1116	0.394	0.581
1117	0.394	0.58
1118	0.394	0.58
1119	0.394	0.58
1120	0.393	0.579
1121	0.393	0.579
1122	0.393	0.579
1123	0.392	0.578
1124	0.392	0.578
1125	0.392	0.577
1126	0.392	0.577
1127	0.391	0.577
1128	0.391	0.576
1129	0.391	0.576
1130	0.391	0.576
1131	0.39	0.575
1132	0.39	0.575
1133	0.39	0.575
1134	0.39	0.574
1135	0.389	0.574
1136	0.389	0.574
1137	0.389	0.573
1138	0.388	0.573
1139	0.388	0.573
1140	0.388	0.572
1141	0.388	0.572
1142	0.387	0.572
1143	0.387	0.571
1144	0.387	0.571
1145	0.387	0.571
1146	0.386	0.57
1147	0.386	0.57
1148	0.386	0.57
1149	0.386	0.569
1150	0.385	0.569
1151	0.385	0.569
1152	0.385	0.568
1153	0.385	0.568
1154	0.384	0.568
1155	0.384	0.567
1156	0.384	0.567
1157	0.384	0.567
1158	0.383	0.566
1159	0.383	0.566
1160	0.383	0.566
1161	0.383	0.565
1162	0.382	0.565
1163	0.382	0.565
1164	0.382	0.564
1165	0.382	0.564
1166	0.381	0.564
1167	0.381	0.563
1168	0.381	0.563
1169	0.38	0.563
1170	0.38	0.562
1171	0.38	0.562
1172	0.38	0.562
1173	0.379	0.561
1174	0.379	0.561
1175	0.379	0.561
1176	0.379	0.56
1177	0.378	0.56
1178	0.378	0.56
1179	0.378	0.559
1180	0.378	0.559
1181	0.377	0.559
1182	0.377	0.558
1183	0.377	0.558
1184	0.377	0.558
1185	0.376	0.557
1186	0.376	0.557
1187	0.376	0.557
1188	0.376	0.557
1189	0.375	0.556
1190	0.375	0.556
1191	0.375	0.556
1192	0.375	0.555
1193	0.374	0.555
1194	0.374	0.555
1195	0.374	0.554
1196	0.374	0.554
1197	0.374	0.554
1198	0.373	0.553
1199	0.373	0.553
1200	0.373	0.553
1201	0.373	0.552
1202	0.372	0.552
1203	0.372	0.552
1204	0.372	0.551
1205	0.372	0.551
1206	0.371	0.551
1207	0.371	0.55
1208	0.371	0.55
1209	0.371	0.55
1210	0.37	0.549
1211	0.37	0.549
1212	0.37	0.549
1213	0.37	0.549
1214	0.369	0.548
1215	0.369	0.548
1216	0.369	0.548
1217	0.369	0.547
1218	0.368	0.547
1219	0.368	0.547
1220	0.368	0.546
1221	0.368	0.546
1222	0.367	0.546
1223	0.367	0.545
1224	0.367	0.545
1225	0.367	0.545
1226	0.367	0.544
1227	0.366	0.544
1228	0.366	0.544
1229	0.366	0.544
1230	0.366	0.543
1231	0.365	0.543
1232	0.365	0.543
1233	0.365	0.542
1234	0.365	0.542
1235	0.364	0.542
1236	0.364	0.541
1237	0.364	0.541
1238	0.364	0.541
1239	0.363	0.54
1240	0.363	0.54
1241	0.363	0.54
1242	0.363	0.539
1243	0.363	0.539
1244	0.362	0.539
1245	0.362	0.539
1246	0.362	0.538
1247	0.362	0.538
1248	0.361	0.538
1249	0.361	0.537
1250	0.361	0.537
1251	0.361	0.537
1252	0.36	0.536
1253	0.36	0.536
1254	0.36	0.536
1255	0.36	0.536
1256	0.36	0.535
1257	0.359	0.535
1258	0.359	0.535
1259	0.359	0.534
1260	0.359	0.534
1261	0.358	0.534
1262	0.358	0.533
1263	0.358	0.533
1264	0.358	0.533
1265	0.357	0.532
1266	0.357	0.532
1267	0.357	0.532
1268	0.357	0.532
1269	0.357	0.531
1270	0.356	0.531
1271	0.356	0.531
1272	0.356	0.53
1273	0.356	0.53
1274	0.355	0.53
1275	0.355	0.529
1276	0.355	0.529
1277	0.355	0.529
1278	0.355	0.529
1279	0.354	0.528
1280	0.354	0.528
1281	0.354	0.528
1282	0.354	0.527
1283	0.353	0.527
1284	0.353	0.527
1285	0.353	0.526
1286	0.353	0.526
1287	0.353	0.526
1288	0.352	0.526
1289	0.352	0.525
1290	0.352	0.525
1291	0.352	0.525
1292	0.351	0.524
1293	0.351	0.524
1294	0.351	0.524
1295	0.351	0.524
1296	0.351	0.523
1297	0.35	0.523
1298	0.35	0.523
1299	0.35	0.522
1300	0.35	0.522
1301	0.349	0.522
1302	0.349	0.522
1303	0.349	0.521
1304	0.349	0.521
1305	0.349	0.521
1306	0.348	0.52
1307	0.348	0.52
1308	0.348	0.52
1309	0.348	0.519
1310	0.348	0.519
1311	0.347	0.519
1312	0.347	0.519
1313	0.347	0.518
1314	0.347	0.518
1315	0.346	0.518
1316	0.346	0.517
1317	0.346	0.517
1318	0.346	0.517
1319	0.346	0.517
1320	0.345	0.516
1321	0.345	0.516
1322	0.345	0.516
1323	0.345	0.515
1324	0.345	0.515
1325	0.344	0.515
1326	0.344	0.515
1327	0.344	0.514
1328	0.344	0.514
1329	0.343	0.514
1330	0.343	0.513
1331	0.343	0.513
1332	0.343	0.513
1333	0.343	0.513
1334	0.342	0.512
1335	0.342	0.512
1336	0.342	0.512
1337	0.342	0.511
1338	0.342	0.511
1339	0.341	0.511
1340	0.341	0.511
1341	0.341	0.51
1342	0.341	0.51
1343	0.341	0.51
1344	0.34	0.509
1345	0.34	0.509
1346	0.34	0.509
1347	0.34	0.509
1348	0.339	0.508
1349	0.339	0.508
1350	0.339	0.508
1351	0.339	0.508
1352	0.339	0.507
1353	0.338	0.507
1354	0.338	0.507
1355	0.338	0.506
1356	0.338	0.506
1357	0.338	0.506
1358	0.337	0.506
1359	0.337	0.505
1360	0.337	0.505
1361	0.337	0.505
1362	0.337	0.504
1363	0.336	0.504
1364	0.336	0.504
1365	0.336	0.504
1366	0.336	0.503
1367	0.336	0.503
1368	0.335	0.503
1369	0.335	0.503
1370	0.335	0.502
1371	0.335	0.502
1372	0.335	0.502
1373	0.334	0.501
1374	0.334	0.501
1375	0.334	0.501
1376	0.334	0.501
1377	0.334	0.5
1378	0.333	0.5
1379	0.333	0.5
1380	0.333	0.5
1381	0.333	0.499
1382	0.333	0.499
1383	0.332	0.499
1384	0.332	0.498
1385	0.332	0.498
1386	0.332	0.498
1387	0.332	0.498
1388	0.331	0.497
1389	0.331	0.497
1390	0.331	0.497
1391	0.331	0.497
1392	0.331	0.496
1393	0.33	0.496
1394	0.33	0.496
1395	0.33	0.495
1396	0.33	0.495
1397	0.33	0.495
1398	0.329	0.495
1399	0.329	0.494
1400	0.329	0.494
1401	0.329	0.494
1402	0.329	0.494
1403	0.328	0.493
1404	0.328	0.493
1405	0.328	0.493
1406	0.328	0.493
1407	0.328	0.492
1408	0.327	0.492
1409	0.327	0.492
1410	0.327	0.492
1411	0.327	0.491
1412	0.327	0.491
1413	0.327	0.491
1414	0.326	0.49
1415	0.326	0.49
1416	0.326	0.49
1417	0.326	0.49
1418	0.326	0.489
1419	0.325	0.489
1420	0.325	0.489
1421	0.325	0.489
1422	0.325	0.488
1423	0.325	0.488
1424	0.324	0.488
1425	0.324	0.488
1426	0.324	0.487
1427	0.324	0.487
1428	0.324	0.487
1429	0.323	0.487
1430	0.323	0.486
1431	0.323	0.486
1432	0.323	0.486
1433	0.323	0.485
1434	0.323	0.485
1435	0.322	0.485
1436	0.322	0.485
1437	0.322	0.484
1438	0.322	0.484
1439	0.322	0.484
1440	0.321	0.484
1441	0.321	0.483
1442	0.321	0.483
1443	0.321	0.483
1444	0.321	0.483
1445	0.32	0.482
1446	0.32	0.482
1447	0.32	0.482
1448	0.32	0.482
1449	0.32	0.481
1450	0.32	0.481
1451	0.319	0.481
1452	0.319	0.481
1453	0.319	0.48
1454	0.319	0.48
1455	0.319	0.48
1456	0.318	0.48
1457	0.318	0.479
1458	0.318	0.479
1459	0.318	0.479
1460	0.318	0.479
1461	0.318	0.478
1462	0.317	0.478
1463	0.317	0.478
1464	0.317	0.478
1465	0.317	0.477
1466	0.317	0.477
1467	0.316	0.477
1468	0.316	0.477
1469	0.316	0.476
1470	0.316	0.476
1471	0.316	0.476
1472	0.316	0.476
1473	0.315	0.475
1474	0.315	0.475
1475	0.315	0.475
1476	0.315	0.475
1477	0.315	0.474
1478	0.314	0.474
1479	0.314	0.474
1480	0.314	0.474
1481	0.314	0.473
1482	0.314	0.473
1483	0.314	0.473
1484	0.313	0.473
1485	0.313	0.472
1486	0.313	0.472
1487	0.313	0.472
1488	0.313	0.472
1489	0.312	0.471
1490	0.312	0.471
1491	0.312	0.471
1492	0.312	0.471
1493	0.312	0.47
1494	0.312	0.47
1495	0.311	0.47
1496	0.311	0.47
1497	0.311	0.469
1498	0.311	0.469
1499	0.311	0.469
1500	0.311	0.469
1501	0.31	0.468
1502	0.31	0.468
1503	0.31	0.468
1504	0.31	0.468
1505	0.31	0.467
1506	0.309	0.467
1507	0.309	0.467
1508	0.309	0.467
1509	0.309	0.466
1510	0.309	0.466
1511	0.309	0.466
1512	0.308	0.466
1513	0.308	0.465
1514	0.308	0.465
1515	0.308	0.465
1516	0.308	0.465
1517	0.308	0.465
1518	0.307	0.464
1519	0.307	0.464
1520	0.307	0.464
1521	0.307	0.464
1522	0.307	0.463
1523	0.307	0.463
1524	0.306	0.463
1525	0.306	0.463
1526	0.306	0.462
1527	0.306	0.462
1528	0.306	0.462
1529	0.305	0.462
1530	0.305	0.461
1531	0.305	0.461
1532	0.305	0.461
1533	0.305	0.461
1534	0.305	0.46
1535	0.304	0.46
1536	0.304	0.46
1537	0.304	0.46
1538	0.304	0.46
1539	0.304	0.459
1540	0.304	0.459
1541	0.303	0.459
1542	0.303	0.459
1543	0.303	0.458
1544	0.303	0.458
1545	0.303	0.458
1546	0.303	0.458
1547	0.302	0.457
1548	0.302	0.457
1549	0.302	0.457
1550	0.302	0.457
1551	0.302	0.456
1552	0.302	0.456
1553	0.301	0.456
1554	0.301	0.456
1555	0.301	0.456
1556	0.301	0.455
1557	0.301	0.455
1558	0.301	0.455
1559	0.3	0.455
1560	0.3	0.454
1561	0.3	0.454
1562	0.3	0.454
1563	0.3	0.454
1564	0.3	0.453
1565	0.299	0.453
1566	0.299	0.453
1567	0.299	0.453
1568	0.299	0.453
1569	0.299	0.452
1570	0.299	0.452
1571	0.298	0.452
1572	0.298	0.452
1573	0.298	0.451
1574	0.298	0.451
1575	0.298	0.451
1576	0.298	0.451
1577	0.298	0.451
1578	0.297	0.45
1579	0.297	0.45
1580	0.297	0.45
1581	0.297	0.45
1582	0.297	0.449
1583	0.297	0.449
1584	0.296	0.449
1585	0.296	0.449
1586	0.296	0.448
1587	0.296	0.448
1588	0.296	0.448
1589	0.296	0.448
1590	0.295	0.448
1591	0.295	0.447
1592	0.295	0.447
1593	0.295	0.447
1594	0.295	0.447
1595	0.295	0.446
1596	0.294	0.446
1597	0.294	0.446
1598	0.294	0.446
1599	0.294	0.446
1600	0.294	0.445
1601	0.294	0.445
1602	0.294	0.445
1603	0.293	0.445
1604	0.293	0.444
1605	0.293	0.444
1606	0.293	0.444
1607	0.293	0.444
1608	0.293	0.444
1609	0.292	0.443
1610	0.292	0.443
1611	0.292	0.443
1612	0.292	0.443
1613	0.292	0.442
1614	0.292	0.442
1615	0.291	0.442
1616	0.291	0.442
1617	0.291	0.442
1618	0.291	0.441
1619	0.291	0.441
1620	0.291	0.441
1621	0.291	0.441
1622	0.29	0.44
1623	0.29	0.44
1624	0.29	0.44
1625	0.29	0.44
1626	0.29	0.44
1627	0.29	0.439
1628	0.289	0.439
1629	0.289	0.439
1630	0.289	0.439
1631	0.289	0.438
1632	0.289	0.438
1633	0.289	0.438
1634	0.289	0.438
1635	0.288	0.438
1636	0.288	0.437
1637	0.288	0.437
1638	0.288	0.437
1639	0.288	0.437
1640	0.288	0.437
1641	0.287	0.436
1642	0.287	0.436
1643	0.287	0.436
1644	0.287	0.436
1645	0.287	0.435
1646	0.287	0.435
1647	0.287	0.435
1648	0.286	0.435
1649	0.286	0.435
1650	0.286	0.434
1651	0.286	0.434
1652	0.286	0.434
1653	0.286	0.434
1654	0.285	0.434
1655	0.285	0.433
1656	0.285	0.433
1657	0.285	0.433
1658	0.285	0.433
1659	0.285	0.432
1660	0.285	0.432
1661	0.284	0.432
1662	0.284	0.432
1663	0.284	0.432
1664	0.284	0.431
1665	0.284	0.431
1666	0.284	0.431
1667	0.284	0.431
1668	0.283	0.431
1669	0.283	0.43
1670	0.283	0.43
1671	0.283	0.43
1672	0.283	0.43
1673	0.283	0.43
1674	0.283	0.429
1675	0.282	0.429
1676	0.282	0.429
1677	0.282	0.429
1678	0.282	0.428
1679	0.282	0.428
1680	0.282	0.428
1681	0.281	0.428
1682	0.281	0.428
1683	0.281	0.427
1684	0.281	0.427
1685	0.281	0.427
1686	0.281	0.427
1687	0.281	0.427
1688	0.28	0.426
1689	0.28	0.426
1690	0.28	0.426
1691	0.28	0.426
1692	0.28	0.426
1693	0.28	0.425
1694	0.28	0.425
1695	0.279	0.425
1696	0.279	0.425
1697	0.279	0.425
1698	0.279	0.424
1699	0.279	0.424
1700	0.279	0.424
1701	0.279	0.424
1702	0.278	0.424
1703	0.278	0.423
1704	0.278	0.423
1705	0.278	0.423
1706	0.278	0.423
1707	0.278	0.423
1708	0.278	0.422
1709	0.277	0.422
1710	0.277	0.422
1711	0.277	0.422
1712	0.277	0.422
1713	0.277	0.421
1714	0.277	0.421
1715	0.277	0.421
1716	0.276	0.421
1717	0.276	0.421
1718	0.276	0.42
1719	0.276	0.42
1720	0.276	0.42
1721	0.276	0.42
1722	0.276	0.419
1723	0.275	0.419
1724	0.275	0.419
1725	0.275	0.419
1726	0.275	0.419
1727	0.275	0.418
1728	0.275	0.418
1729	0.275	0.418
1730	0.274	0.418
1731	0.274	0.418
1732	0.274	0.417
1733	0.274	0.417
1734	0.274	0.417
1735	0.274	0.417
1736	0.274	0.417
1737	0.273	0.417
1738	0.273	0.416
1739	0.273	0.416
1740	0.273	0.416
1741	0.273	0.416
1742	0.273	0.416
1743	0.273	0.415
1744	0.273	0.415
1745	0.272	0.415
1746	0.272	0.415
1747	0.272	0.415
1748	0.272	0.414
1749	0.272	0.414
1750	0.272	0.414
1751	0.272	0.414
1752	0.271	0.414
1753	0.271	0.413
1754	0.271	0.413
1755	0.271	0.413
1756	0.271	0.413
1757	0.271	0.413
1758	0.271	0.412
1759	0.27	0.412
1760	0.27	0.412
1761	0.27	0.412
1762	0.27	0.412
1763	0.27	0.411
1764	0.27	0.411
1765	0.27	0.411
1766	0.27	0.411
1767	0.269	0.411
1768	0.269	0.41
1769	0.269	0.41
1770	0.269	0.41
1771	0.269	0.41
1772	0.269	0.41
1773	0.269	0.409
1774	0.268	0.409
1775	0.268	0.409
1776	0.268	0.409
1777	0.268	0.409
1778	0.268	0.409
1779	0.268	0.408
1780	0.268	0.408
1781	0.268	0.408
1782	0.267	0.408
1783	0.267	0.408
1784	0.267	0.407
1785	0.267	0.407
1786	0.267	0.407
1787	0.267	0.407
1788	0.267	0.407
1789	0.266	0.406
1790	0.266	0.406
1791	0.266	0.406
1792	0.266	0.406
1793	0.266	0.406
1794	0.266	0.405
1795	0.266	0.405
1796	0.266	0.405
1797	0.265	0.405
1798	0.265	0.405
1799	0.265	0.405
1800	0.265	0.404
1801	0.265	0.404
1802	0.265	0.404
1803	0.265	0.404
1804	0.264	0.404
1805	0.264	0.403
1806	0.264	0.403
1807	0.264	0.403
1808	0.264	0.403
1809	0.264	0.403
1810	0.264	0.402
1811	0.264	0.402
1812	0.263	0.402
1813	0.263	0.402
1814	0.263	0.402
1815	0.263	0.402
1816	0.263	0.401
1817	0.263	0.401
1818	0.263	0.401
1819	0.263	0.401
1820	0.262	0.401
1821	0.262	0.4
1822	0.262	0.4
1823	0.262	0.4
1824	0.262	0.4
1825	0.262	0.4
1826	0.262	0.4
1827	0.262	0.399
1828	0.261	0.399
1829	0.261	0.399
1830	0.261	0.399
1831	0.261	0.399
1832	0.261	0.398
1833	0.261	0.398
1834	0.261	0.398
1835	0.26	0.398
1836	0.26	0.398
1837	0.26	0.397
1838	0.26	0.397
1839	0.26	0.397
1840	0.26	0.397
1841	0.26	0.397
1842	0.26	0.397
1843	0.259	0.396
1844	0.259	0.396
1845	0.259	0.396
1846	0.259	0.396
1847	0.259	0.396
1848	0.259	0.396
1849	0.259	0.395
1850	0.259	0.395
1851	0.258	0.395
1852	0.258	0.395
1853	0.258	0.395
1854	0.258	0.394
1855	0.258	0.394
1856	0.258	0.394
1857	0.258	0.394
1858	0.258	0.394
1859	0.257	0.394
1860	0.257	0.393
1861	0.257	0.393
1862	0.257	0.393
1863	0.257	0.393
1864	0.257	0.393
1865	0.257	0.392
1866	0.257	0.392
1867	0.257	0.392
1868	0.256	0.392
1869	0.256	0.392
1870	0.256	0.392
1871	0.256	0.391
1872	0.256	0.391
1873	0.256	0.391
1874	0.256	0.391
1875	0.256	0.391
1876	0.255	0.391
1877	0.255	0.39
1878	0.255	0.39
1879	0.255	0.39
1880	0.255	0.39
1881	0.255	0.39
1882	0.255	0.389
1883	0.255	0.389
1884	0.254	0.389
1885	0.254	0.389
1886	0.254	0.389
1887	0.254	0.389
1888	0.254	0.388
1889	0.254	0.388
1890	0.254	0.388
1891	0.254	0.388
1892	0.253	0.388
1893	0.253	0.388
1894	0.253	0.387
1895	0.253	0.387
1896	0.253	0.387
1897	0.253	0.387
1898	0.253	0.387
1899	0.253	0.386
1900	0.253	0.386
1901	0.252	0.386
1902	0.252	0.386
1903	0.252	0.386
1904	0.252	0.386
1905	0.252	0.385
1906	0.252	0.385
1907	0.252	0.385
1908	0.252	0.385
1909	0.251	0.385
1910	0.251	0.385
1911	0.251	0.384
1912	0.251	0.384
1913	0.251	0.384
1914	0.251	0.384
1915	0.251	0.384
1916	0.251	0.384
1917	0.25	0.383
1918	0.25	0.383
1919	0.25	0.383
1920	0.25	0.383
1921	0.25	0.383
1922	0.25	0.383
1923	0.25	0.382
1924	0.25	0.382
1925	0.25	0.382
1926	0.249	0.382
1927	0.249	0.382
1928	0.249	0.382
1929	0.249	0.381
1930	0.249	0.381
1931	0.249	0.381
1932	0.249	0.381
1933	0.249	0.381
1934	0.249	0.381
1935	0.248	0.38
1936	0.248	0.38
1937	0.248	0.38
1938	0.248	0.38
1939	0.248	0.38
1940	0.248	0.38
1941	0.248	0.379
1942	0.248	0.379
1943	0.247	0.379
1944	0.247	0.379
1945	0.247	0.379
1946	0.247	0.379
1947	0.247	0.378
1948	0.247	0.378
1949	0.247	0.378
1950	0.247	0.378
1951	0.247	0.378
1952	0.246	0.378
1953	0.246	0.377
1954	0.246	0.377
1955	0.246	0.377
1956	0.246	0.377
1957	0.246	0.377
1958	0.246	0.377
1959	0.246	0.376
1960	0.246	0.376
1961	0.245	0.376
1962	0.245	0.376
1963	0.245	0.376
1964	0.245	0.376
1965	0.245	0.375
1966	0.245	0.375
1967	0.245	0.375
1968	0.245	0.375
1969	0.245	0.375
1970	0.244	0.375
1971	0.244	0.374
1972	0.244	0.374
1973	0.244	0.374
1974	0.244	0.374
1975	0.244	0.374
1976	0.244	0.374
1977	0.244	0.373
1978	0.244	0.373
1979	0.243	0.373
1980	0.243	0.373
1981	0.243	0.373
1982	0.243	0.373
1983	0.243	0.372
1984	0.243	0.372
1985	0.243	0.372
1986	0.243	0.372
1987	0.243	0.372
1988	0.242	0.372
1989	0.242	0.371
1990	0.242	0.371
1991	0.242	0.371
1992	0.242	0.371
1993	0.242	0.371
1994	0.242	0.371
1995	0.242	0.37
1996	0.242	0.37
1997	0.241	0.37
1998	0.241	0.37
1999	0.241	0.37
2000	0.241	0.37
2001	0.241	0.37
2002	0.241	0.369
2003	0.241	0.369
2004	0.241	0.369
2005	0.241	0.369
2006	0.24	0.369
2007	0.24	0.369
2008	0.24	0.368
2009	0.24	0.368
2010	0.24	0.368
2011	0.24	0.368
2012	0.24	0.368
2013	0.24	0.368
2014	0.24	0.367
2015	0.239	0.367
2016	0.239	0.367
2017	0.239	0.367
2018	0.239	0.367
2019	0.239	0.367
2020	0.239	0.367
2021	0.239	0.366
2022	0.239	0.366
2023	0.239	0.366
2024	0.238	0.366
2025	0.238	0.366
2026	0.238	0.366
2027	0.238	0.365
2028	0.238	0.365
2029	0.238	0.365
2030	0.238	0.365
2031	0.238	0.365
2032	0.238	0.365
2033	0.238	0.364
2034	0.237	0.364
2035	0.237	0.364
2036	0.237	0.364
2037	0.237	0.364
2038	0.237	0.364
2039	0.237	0.364
2040	0.237	0.363
2041	0.237	0.363
2042	0.237	0.363
2043	0.236	0.363
2044	0.236	0.363
2045	0.236	0.363
2046	0.236	0.362
2047	0.236	0.362
2048	0.236	0.362
2049	0.236	0.362
2050	0.236	0.362
2051	0.236	0.362
2052	0.236	0.362
2053	0.235	0.361
2054	0.235	0.361
2055	0.235	0.361
2056	0.235	0.361
2057	0.235	0.361
2058	0.235	0.361
2059	0.235	0.36
2060	0.235	0.36
2061	0.235	0.36
2062	0.234	0.36
2063	0.234	0.36
2064	0.234	0.36
2065	0.234	0.36
2066	0.234	0.359
2067	0.234	0.359
2068	0.234	0.359
2069	0.234	0.359
2070	0.234	0.359
2071	0.234	0.359
2072	0.233	0.359
2073	0.233	0.358
2074	0.233	0.358
2075	0.233	0.358
2076	0.233	0.358
2077	0.233	0.358
2078	0.233	0.358
2079	0.233	0.357
2080	0.233	0.357
2081	0.233	0.357
2082	0.232	0.357
2083	0.232	0.357
2084	0.232	0.357
2085	0.232	0.357
2086	0.232	0.356
2087	0.232	0.356
2088	0.232	0.356
2089	0.232	0.356
2090	0.232	0.356
2091	0.232	0.356
2092	0.231	0.356
2093	0.231	0.355
2094	0.231	0.355
2095	0.231	0.355
2096	0.231	0.355
2097	0.231	0.355
2098	0.231	0.355
2099	0.231	0.354
2100	0.231	0.354
2101	0.23	0.354
2102	0.23	0.354
2103	0.23	0.354
2104	0.23	0.354
2105	0.23	0.354
2106	0.23	0.353
2107	0.23	0.353
2108	0.23	0.353
2109	0.23	0.353
2110	0.23	0.353
2111	0.229	0.353
2112	0.229	0.353
2113	0.229	0.352
2114	0.229	0.352
2115	0.229	0.352
2116	0.229	0.352
2117	0.229	0.352
2118	0.229	0.352
2119	0.229	0.352
2120	0.229	0.351
2121	0.229	0.351
2122	0.228	0.351
2123	0.228	0.351
2124	0.228	0.351
2125	0.228	0.351
2126	0.228	0.351
2127	0.228	0.35
2128	0.228	0.35
2129	0.228	0.35
2130	0.228	0.35
2131	0.228	0.35
2132	0.227	0.35
2133	0.227	0.35
2134	0.227	0.349
2135	0.227	0.349
2136	0.227	0.349
2137	0.227	0.349
2138	0.227	0.349
2139	0.227	0.349
2140	0.227	0.349
2141	0.227	0.348
2142	0.226	0.348
2143	0.226	0.348
2144	0.226	0.348
2145	0.226	0.348
2146	0.226	0.348
2147	0.226	0.348
2148	0.226	0.347
2149	0.226	0.347
2150	0.226	0.347
2151	0.226	0.347
2152	0.225	0.347
2153	0.225	0.347
2154	0.225	0.347
2155	0.225	0.346
2156	0.225	0.346
2157	0.225	0.346
2158	0.225	0.346
2159	0.225	0.346
2160	0.225	0.346
2161	0.225	0.346
2162	0.225	0.345
2163	0.224	0.345
2164	0.224	0.345
2165	0.224	0.345
2166	0.224	0.345
2167	0.224	0.345
2168	0.224	0.345
2169	0.224	0.344
2170	0.224	0.344
2171	0.224	0.344
2172	0.224	0.344
2173	0.223	0.344
2174	0.223	0.344
2175	0.223	0.344
2176	0.223	0.343
2177	0.223	0.343
2178	0.223	0.343
2179	0.223	0.343
2180	0.223	0.343
2181	0.223	0.343
2182	0.223	0.343
2183	0.223	0.342
2184	0.222	0.342
2185	0.222	0.342
2186	0.222	0.342
2187	0.222	0.342
2188	0.222	0.342
2189	0.222	0.342
2190	0.222	0.342
2191	0.222	0.341
2192	0.222	0.341
2193	0.222	0.341
2194	0.222	0.341
2195	0.221	0.341
2196	0.221	0.341
2197	0.221	0.341
2198	0.221	0.34
2199	0.221	0.34
2200	0.221	0.34
2201	0.221	0.34
2202	0.221	0.34
2203	0.221	0.34
2204	0.221	0.34
2205	0.22	0.339
2206	0.22	0.339
2207	0.22	0.339
2208	0.22	0.339
2209	0.22	0.339
2210	0.22	0.339
2211	0.22	0.339
2212	0.22	0.339
2213	0.22	0.338
2214	0.22	0.338
2215	0.22	0.338
2216	0.219	0.338
2217	0.219	0.338
2218	0.219	0.338
2219	0.219	0.338
2220	0.219	0.337
2221	0.219	0.337
2222	0.219	0.337
2223	0.219	0.337
2224	0.219	0.337
2225	0.219	0.337
2226	0.219	0.337
2227	0.218	0.336
2228	0.218	0.336
2229	0.218	0.336
2230	0.218	0.336
2231	0.218	0.336
2232	0.218	0.336
2233	0.218	0.336
2234	0.218	0.336
2235	0.218	0.335
2236	0.218	0.335
2237	0.218	0.335
2238	0.217	0.335
2239	0.217	0.335
2240	0.217	0.335
2241	0.217	0.335
2242	0.217	0.334
2243	0.217	0.334
2244	0.217	0.334
2245	0.217	0.334
2246	0.217	0.334
2247	0.217	0.334
2248	0.217	0.334
2249	0.217	0.334
2250	0.216	0.333
2251	0.216	0.333
2252	0.216	0.333
2253	0.216	0.333
2254	0.216	0.333
2255	0.216	0.333
2256	0.216	0.333
2257	0.216	0.333
2258	0.216	0.332
2259	0.216	0.332
2260	0.216	0.332
2261	0.215	0.332
2262	0.215	0.332
2263	0.215	0.332
2264	0.215	0.332
2265	0.215	0.331
2266	0.215	0.331
2267	0.215	0.331
2268	0.215	0.331
2269	0.215	0.331
2270	0.215	0.331
2271	0.215	0.331
2272	0.214	0.331
2273	0.214	0.33
2274	0.214	0.33
2275	0.214	0.33
2276	0.214	0.33
2277	0.214	0.33
2278	0.214	0.33
2279	0.214	0.33
2280	0.214	0.33
2281	0.214	0.329
2282	0.214	0.329
2283	0.214	0.329
2284	0.213	0.329
2285	0.213	0.329
2286	0.213	0.329
2287	0.213	0.329
2288	0.213	0.329
2289	0.213	0.328
2290	0.213	0.328
2291	0.213	0.328
2292	0.213	0.328
2293	0.213	0.328
2294	0.213	0.328
2295	0.212	0.328
2296	0.212	0.327
2297	0.212	0.327
2298	0.212	0.327
2299	0.212	0.327
2300	0.212	0.327
2301	0.212	0.327
2302	0.212	0.327
2303	0.212	0.327
2304	0.212	0.326
2305	0.212	0.326
2306	0.212	0.326
2307	0.211	0.326
2308	0.211	0.326
2309	0.211	0.326
2310	0.211	0.326
2311	0.211	0.326
2312	0.211	0.325
2313	0.211	0.325
2314	0.211	0.325
2315	0.211	0.325
2316	0.211	0.325
2317	0.211	0.325
2318	0.211	0.325
2319	0.21	0.325
2320	0.21	0.324
2321	0.21	0.324
2322	0.21	0.324
2323	0.21	0.324
2324	0.21	0.324
2325	0.21	0.324
2326	0.21	0.324
2327	0.21	0.324
2328	0.21	0.323
2329	0.21	0.323
2330	0.21	0.323
2331	0.209	0.323
2332	0.209	0.323
2333	0.209	0.323
2334	0.209	0.323
2335	0.209	0.323
2336	0.209	0.322
2337	0.209	0.322
2338	0.209	0.322
2339	0.209	0.322
2340	0.209	0.322
2341	0.209	0.322
2342	0.209	0.322
2343	0.208	0.322
2344	0.208	0.321
2345	0.208	0.321
2346	0.208	0.321
2347	0.208	0.321
2348	0.208	0.321
2349	0.208	0.321
2350	0.208	0.321
2351	0.208	0.321
2352	0.208	0.32
2353	0.208	0.32
2354	0.208	0.32
2355	0.207	0.32
2356	0.207	0.32
2357	0.207	0.32
2358	0.207	0.32
2359	0.207	0.32
2360	0.207	0.32
2361	0.207	0.319
2362	0.207	0.319
2363	0.207	0.319
2364	0.207	0.319
2365	0.207	0.319
2366	0.207	0.319
2367	0.206	0.319
2368	0.206	0.319
2369	0.206	0.318
2370	0.206	0.318
2371	0.206	0.318
2372	0.206	0.318
2373	0.206	0.318
2374	0.206	0.318
2375	0.206	0.318
2376	0.206	0.318
2377	0.206	0.317
2378	0.206	0.317
2379	0.206	0.317
2380	0.205	0.317
2381	0.205	0.317
2382	0.205	0.317
2383	0.205	0.317
2384	0.205	0.317
2385	0.205	0.317
2386	0.205	0.316
2387	0.205	0.316
2388	0.205	0.316
2389	0.205	0.316
2390	0.205	0.316
2391	0.205	0.316
2392	0.204	0.316
2393	0.204	0.316
2394	0.204	0.315
2395	0.204	0.315
2396	0.204	0.315
2397	0.204	0.315
2398	0.204	0.315
2399	0.204	0.315
2400	0.204	0.315
2401	0.204	0.315
2402	0.204	0.314
2403	0.204	0.314
2404	0.204	0.314
2405	0.203	0.314
2406	0.203	0.314
2407	0.203	0.314
2408	0.203	0.314
2409	0.203	0.314
2410	0.203	0.314
2411	0.203	0.313
2412	0.203	0.313
2413	0.203	0.313
2414	0.203	0.313
2415	0.203	0.313
2416	0.203	0.313
2417	0.202	0.313
2418	0.202	0.313
2419	0.202	0.312
2420	0.202	0.312
2421	0.202	0.312
2422	0.202	0.312
2423	0.202	0.312
2424	0.202	0.312
2425	0.202	0.312
2426	0.202	0.312
2427	0.202	0.312
2428	0.202	0.311
2429	0.202	0.311
2430	0.201	0.311
2431	0.201	0.311
2432	0.201	0.311
2433	0.201	0.311
2434	0.201	0.311
2435	0.201	0.311
2436	0.201	0.311
2437	0.201	0.31
2438	0.201	0.31
2439	0.201	0.31
2440	0.201	0.31
2441	0.201	0.31
2442	0.201	0.31
2443	0.2	0.31
2444	0.2	0.31
2445	0.2	0.309
2446	0.2	0.309
2447	0.2	0.309
2448	0.2	0.309
2449	0.2	0.309
2450	0.2	0.309
2451	0.2	0.309
2452	0.2	0.309
2453	0.2	0.309
2454	0.2	0.308
2455	0.2	0.308
2456	0.199	0.308
2457	0.199	0.308
2458	0.199	0.308
2459	0.199	0.308
2460	0.199	0.308
2461	0.199	0.308
2462	0.199	0.308
2463	0.199	0.307
2464	0.199	0.307
2465	0.199	0.307
2466	0.199	0.307
2467	0.199	0.307
2468	0.199	0.307
2469	0.198	0.307
2470	0.198	0.307
2471	0.198	0.307
2472	0.198	0.306
2473	0.198	0.306
2474	0.198	0.306
2475	0.198	0.306
2476	0.198	0.306
2477	0.198	0.306
2478	0.198	0.306
2479	0.198	0.306
2480	0.198	0.306
2481	0.198	0.305
2482	0.198	0.305
2483	0.197	0.305
2484	0.197	0.305
2485	0.197	0.305
2486	0.197	0.305
2487	0.197	0.305
2488	0.197	0.305
2489	0.197	0.305
2490	0.197	0.304
2491	0.197	0.304
2492	0.197	0.304
2493	0.197	0.304
2494	0.197	0.304
2495	0.197	0.304
2496	0.196	0.304
2497	0.196	0.304
2498	0.196	0.304
2499	0.196	0.303
2500	0.196	0.303
2501	0.196	0.303
2502	0.196	0.303
2503	0.196	0.303
2504	0.196	0.303
2505	0.196	0.303
2506	0.196	0.303
2507	0.196	0.303
2508	0.196	0.302
2509	0.196	0.302
2510	0.195	0.302
2511	0.195	0.302
2512	0.195	0.302
2513	0.195	0.302
2514	0.195	0.302
2515	0.195	0.302
2516	0.195	0.302
2517	0.195	0.301
2518	0.195	0.301
2519	0.195	0.301
2520	0.195	0.301
2521	0.195	0.301
2522	0.195	0.301
2523	0.195	0.301
2524	0.194	0.301
2525	0.194	0.301
2526	0.194	0.3
2527	0.194	0.3
2528	0.194	0.3
2529	0.194	0.3
2530	0.194	0.3
2531	0.194	0.3
2532	0.194	0.3
2533	0.194	0.3
2534	0.194	0.3
2535	0.194	0.3
2536	0.194	0.299
2537	0.193	0.299
2538	0.193	0.299
2539	0.193	0.299
2540	0.193	0.299
2541	0.193	0.299
2542	0.193	0.299
2543	0.193	0.299
2544	0.193	0.299
2545	0.193	0.298
2546	0.193	0.298
2547	0.193	0.298
2548	0.193	0.298
2549	0.193	0.298
2550	0.193	0.298
2551	0.193	0.298
2552	0.192	0.298
2553	0.192	0.298
2554	0.192	0.297
2555	0.192	0.297
2556	0.192	0.297
2557	0.192	0.297
2558	0.192	0.297
2559	0.192	0.297
2560	0.192	0.297
2561	0.192	0.297
2562	0.192	0.297
2563	0.192	0.297
2564	0.192	0.296
2565	0.192	0.296
2566	0.191	0.296
2567	0.191	0.296
2568	0.191	0.296
2569	0.191	0.296
2570	0.191	0.296
2571	0.191	0.296
2572	0.191	0.296
2573	0.191	0.295
2574	0.191	0.295
2575	0.191	0.295
2576	0.191	0.295
2577	0.191	0.295
2578	0.191	0.295
2579	0.191	0.295
2580	0.19	0.295
2581	0.19	0.295
2582	0.19	0.295
2583	0.19	0.294
2584	0.19	0.294
2585	0.19	0.294
2586	0.19	0.294
2587	0.19	0.294
2588	0.19	0.294
2589	0.19	0.294
2590	0.19	0.294
2591	0.19	0.294
2592	0.19	0.293
2593	0.19	0.293
2594	0.189	0.293
2595	0.189	0.293
2596	0.189	0.293
2597	0.189	0.293
2598	0.189	0.293
2599	0.189	0.293
2600	0.189	0.293
2601	0.189	0.293
2602	0.189	0.292
2603	0.189	0.292
2604	0.189	0.292
2605	0.189	0.292
2606	0.189	0.292
2607	0.189	0.292
2608	0.189	0.292
2609	0.188	0.292
2610	0.188	0.292
2611	0.188	0.292
2612	0.188	0.291
2613	0.188	0.291
2614	0.188	0.291
2615	0.188	0.291
2616	0.188	0.291
2617	0.188	0.291
2618	0.188	0.291
2619	0.188	0.291
2620	0.188	0.291
2621	0.188	0.291
2622	0.188	0.29
2623	0.188	0.29
2624	0.187	0.29
2625	0.187	0.29
2626	0.187	0.29
2627	0.187	0.29
2628	0.187	0.29
2629	0.187	0.29
2630	0.187	0.29
2631	0.187	0.29
2632	0.187	0.289
2633	0.187	0.289
2634	0.187	0.289
2635	0.187	0.289
2636	0.187	0.289
2637	0.187	0.289
2638	0.187	0.289
2639	0.186	0.289
2640	0.186	0.289
2641	0.186	0.289
2642	0.186	0.288
2643	0.186	0.288
2644	0.186	0.288
2645	0.186	0.288
2646	0.186	0.288
2647	0.186	0.288
2648	0.186	0.288
2649	0.186	0.288
2650	0.186	0.288
2651	0.186	0.288
2652	0.186	0.287
2653	0.186	0.287
2654	0.185	0.287
2655	0.185	0.287
2656	0.185	0.287
2657	0.185	0.287
2658	0.185	0.287
2659	0.185	0.287
2660	0.185	0.287
2661	0.185	0.287
2662	0.185	0.286
2663	0.185	0.286
2664	0.185	0.286
2665	0.185	0.286
2666	0.185	0.286
2667	0.185	0.286
2668	0.185	0.286
2669	0.184	0.286
2670	0.184	0.286
2671	0.184	0.286
2672	0.184	0.285
2673	0.184	0.285
2674	0.184	0.285
2675	0.184	0.285
2676	0.184	0.285
2677	0.184	0.285
2678	0.184	0.285
2679	0.184	0.285
2680	0.184	0.285
2681	0.184	0.285
2682	0.184	0.284
2683	0.184	0.284
2684	0.183	0.284
2685	0.183	0.284
2686	0.183	0.284
2687	0.183	0.284
2688	0.183	0.284
2689	0.183	0.284
2690	0.183	0.284
2691	0.183	0.284
2692	0.183	0.283
2693	0.183	0.283
2694	0.183	0.283
2695	0.183	0.283
2696	0.183	0.283
2697	0.183	0.283
2698	0.183	0.283
2699	0.183	0.283
2700	0.182	0.283
2701	0.182	0.283
2702	0.182	0.283
2703	0.182	0.282
2704	0.182	0.282
2705	0.182	0.282
2706	0.182	0.282
2707	0.182	0.282
2708	0.182	0.282
2709	0.182	0.282
2710	0.182	0.282
2711	0.182	0.282
2712	0.182	0.282
2713	0.182	0.281
2714	0.182	0.281
2715	0.182	0.281
2716	0.181	0.281
2717	0.181	0.281
2718	0.181	0.281
2719	0.181	0.281
2720	0.181	0.281
2721	0.181	0.281
2722	0.181	0.281
2723	0.181	0.281
2724	0.181	0.28
2725	0.181	0.28
2726	0.181	0.28
2727	0.181	0.28
2728	0.181	0.28
2729	0.181	0.28
2730	0.181	0.28
2731	0.181	0.28
2732	0.18	0.28
2733	0.18	0.28
2734	0.18	0.279
2735	0.18	0.279
2736	0.18	0.279
2737	0.18	0.279
2738	0.18	0.279
2739	0.18	0.279
2740	0.18	0.279
2741	0.18	0.279
2742	0.18	0.279
2743	0.18	0.279
2744	0.18	0.279
2745	0.18	0.278
2746	0.18	0.278
2747	0.18	0.278
2748	0.179	0.278
2749	0.179	0.278
2750	0.179	0.278
2751	0.179	0.278
2752	0.179	0.278
2753	0.179	0.278
2754	0.179	0.278
2755	0.179	0.278
2756	0.179	0.277
2757	0.179	0.277
2758	0.179	0.277
2759	0.179	0.277
2760	0.179	0.277
2761	0.179	0.277
2762	0.179	0.277
2763	0.179	0.277
2764	0.178	0.277
2765	0.178	0.277
2766	0.178	0.276
2767	0.178	0.276
2768	0.178	0.276
2769	0.178	0.276
2770	0.178	0.276
2771	0.178	0.276
2772	0.178	0.276
2773	0.178	0.276
2774	0.178	0.276
2775	0.178	0.276
2776	0.178	0.276
2777	0.178	0.275
2778	0.178	0.275
2779	0.178	0.275
2780	0.177	0.275
2781	0.177	0.275
2782	0.177	0.275
2783	0.177	0.275
2784	0.177	0.275
2785	0.177	0.275
2786	0.177	0.275
2787	0.177	0.275
2788	0.177	0.274
2789	0.177	0.274
2790	0.177	0.274
2791	0.177	0.274
2792	0.177	0.274
2793	0.177	0.274
2794	0.177	0.274
2795	0.177	0.274
2796	0.177	0.274
2797	0.176	0.274
2798	0.176	0.274
2799	0.176	0.273
2800	0.176	0.273
2801	0.176	0.273
2802	0.176	0.273
2803	0.176	0.273
2804	0.176	0.273
2805	0.176	0.273
2806	0.176	0.273
2807	0.176	0.273
2808	0.176	0.273
2809	0.176	0.273
2810	0.176	0.272
2811	0.176	0.272
2812	0.176	0.272
2813	0.176	0.272
2814	0.175	0.272
2815	0.175	0.272
2816	0.175	0.272
2817	0.175	0.272
2818	0.175	0.272
2819	0.175	0.272
2820	0.175	0.272
2821	0.175	0.271
2822	0.175	0.271
2823	0.175	0.271
2824	0.175	0.271
2825	0.175	0.271
2826	0.175	0.271
2827	0.175	0.271
2828	0.175	0.271
2829	0.175	0.271
2830	0.175	0.271
2831	0.174	0.271
2832	0.174	0.271
2833	0.174	0.27
2834	0.174	0.27
2835	0.174	0.27
2836	0.174	0.27
2837	0.174	0.27
2838	0.174	0.27
2839	0.174	0.27
2840	0.174	0.27
2841	0.174	0.27
2842	0.174	0.27
2843	0.174	0.27
2844	0.174	0.269
2845	0.174	0.269
2846	0.174	0.269
2847	0.174	0.269
2848	0.173	0.269
2849	0.173	0.269
2850	0.173	0.269
2851	0.173	0.269
2852	0.173	0.269
2853	0.173	0.269
2854	0.173	0.269
2855	0.173	0.268
2856	0.173	0.268
2857	0.173	0.268
2858	0.173	0.268
2859	0.173	0.268
2860	0.173	0.268
2861	0.173	0.268
2862	0.173	0.268
2863	0.173	0.268
2864	0.173	0.268
2865	0.172	0.268
2866	0.172	0.268
2867	0.172	0.267
2868	0.172	0.267
2869	0.172	0.267
2870	0.172	0.267
2871	0.172	0.267
2872	0.172	0.267
2873	0.172	0.267
2874	0.172	0.267
2875	0.172	0.267
2876	0.172	0.267
2877	0.172	0.267
2878	0.172	0.267
2879	0.172	0.266
2880	0.172	0.266
2881	0.172	0.266
2882	0.172	0.266
2883	0.171	0.266
2884	0.171	0.266
2885	0.171	0.266
2886	0.171	0.266
2887	0.171	0.266
2888	0.171	0.266
2889	0.171	0.266
2890	0.171	0.265
2891	0.171	0.265
2892	0.171	0.265
2893	0.171	0.265
2894	0.171	0.265
2895	0.171	0.265
2896	0.171	0.265
2897	0.171	0.265
2898	0.171	0.265
2899	0.171	0.265
2900	0.17	0.265
2901	0.17	0.265
2902	0.17	0.264
2903	0.17	0.264
2904	0.17	0.264
2905	0.17	0.264
2906	0.17	0.264
2907	0.17	0.264
2908	0.17	0.264
2909	0.17	0.264
2910	0.17	0.264
2911	0.17	0.264
2912	0.17	0.264
2913	0.17	0.264
2914	0.17	0.263
2915	0.17	0.263
2916	0.17	0.263
2917	0.17	0.263
2918	0.169	0.263
2919	0.169	0.263
2920	0.169	0.263
2921	0.169	0.263
2922	0.169	0.263
2923	0.169	0.263
2924	0.169	0.263
2925	0.169	0.263
2926	0.169	0.262
2927	0.169	0.262
2928	0.169	0.262
2929	0.169	0.262
2930	0.169	0.262
2931	0.169	0.262
2932	0.169	0.262
2933	0.169	0.262
2934	0.169	0.262
2935	0.169	0.262
2936	0.169	0.262
2937	0.168	0.262
2938	0.168	0.261
2939	0.168	0.261
2940	0.168	0.261
2941	0.168	0.261
2942	0.168	0.261
2943	0.168	0.261
2944	0.168	0.261
2945	0.168	0.261
2946	0.168	0.261
2947	0.168	0.261
2948	0.168	0.261
2949	0.168	0.261
2950	0.168	0.26
2951	0.168	0.26
2952	0.168	0.26
2953	0.168	0.26
2954	0.168	0.26
2955	0.167	0.26
2956	0.167	0.26
2957	0.167	0.26
2958	0.167	0.26
2959	0.167	0.26
2960	0.167	0.26
2961	0.167	0.26
2962	0.167	0.259
2963	0.167	0.259
2964	0.167	0.259
2965	0.167	0.259
2966	0.167	0.259
2967	0.167	0.259
2968	0.167	0.259
2969	0.167	0.259
2970	0.167	0.259
2971	0.167	0.259
2972	0.167	0.259
2973	0.166	0.259
2974	0.166	0.258
2975	0.166	0.258
2976	0.166	0.258
2977	0.166	0.258
2978	0.166	0.258
2979	0.166	0.258
2980	0.166	0.258
2981	0.166	0.258
2982	0.166	0.258
2983	0.166	0.258
2984	0.166	0.258
2985	0.166	0.258
2986	0.166	0.258
2987	0.166	0.257
2988	0.166	0.257
2989	0.166	0.257
2990	0.166	0.257
2991	0.166	0.257
2992	0.165	0.257
2993	0.165	0.257
2994	0.165	0.257
2995	0.165	0.257
2996	0.165	0.257
2997	0.165	0.257
2998	0.165	0.257
2999	0.165	0.256
3000	0.165	0.256
3001	0.165	0.256
3002	0.165	0.256
3003	0.165	0.256
3004	0.165	0.256
3005	0.165	0.256
3006	0.165	0.256
3007	0.165	0.256
3008	0.165	0.256
3009	0.165	0.256
3010	0.165	0.256
3011	0.164	0.256
3012	0.164	0.255
3013	0.164	0.255
3014	0.164	0.255
3015	0.164	0.255
3016	0.164	0.255
3017	0.164	0.255
3018	0.164	0.255
3019	0.164	0.255
3020	0.164	0.255
3021	0.164	0.255
3022	0.164	0.255
3023	0.164	0.255
3024	0.164	0.254
3025	0.164	0.254
3026	0.164	0.254
3027	0.164	0.254
3028	0.164	0.254
3029	0.164	0.254
3030	0.164	0.254
3031	0.163	0.254
3032	0.163	0.254
3033	0.163	0.254
3034	0.163	0.254
3035	0.163	0.254
3036	0.163	0.254
3037	0.163	0.253
3038	0.163	0.253
3039	0.163	0.253
3040	0.163	0.253
3041	0.163	0.253
3042	0.163	0.253
3043	0.163	0.253
3044	0.163	0.253
3045	0.163	0.253
3046	0.163	0.253
3047	0.163	0.253
3048	0.163	0.253
3049	0.163	0.253
3050	0.162	0.252
3051	0.162	0.252
3052	0.162	0.252
3053	0.162	0.252
3054	0.162	0.252
3055	0.162	0.252
3056	0.162	0.252
3057	0.162	0.252
3058	0.162	0.252
3059	0.162	0.252
3060	0.162	0.252
3061	0.162	0.252
3062	0.162	0.252
3063	0.162	0.251
3064	0.162	0.251
3065	0.162	0.251
3066	0.162	0.251
3067	0.162	0.251
3068	0.162	0.251
3069	0.162	0.251
3070	0.161	0.251
3071	0.161	0.251
3072	0.161	0.251
3073	0.161	0.251
3074	0.161	0.251
3075	0.161	0.251
3076	0.161	0.25
3077	0.161	0.25
3078	0.161	0.25
3079	0.161	0.25
3080	0.161	0.25
3081	0.161	0.25
3082	0.161	0.25
3083	0.161	0.25
3084	0.161	0.25
3085	0.161	0.25
3086	0.161	0.25
3087	0.161	0.25
3088	0.161	0.25
3089	0.161	0.249
3090	0.16	0.249
3091	0.16	0.249
3092	0.16	0.249
3093	0.16	0.249
3094	0.16	0.249
3095	0.16	0.249
3096	0.16	0.249
3097	0.16	0.249
3098	0.16	0.249
3099	0.16	0.249
3100	0.16	0.249
3101	0.16	0.249
3102	0.16	0.248
3103	0.16	0.248
3104	0.16	0.248
3105	0.16	0.248
3106	0.16	0.248
3107	0.16	0.248
3108	0.16	0.248
3109	0.16	0.248
3110	0.159	0.248
3111	0.159	0.248
3112	0.159	0.248
3113	0.159	0.248
3114	0.159	0.248
3115	0.159	0.248
3116	0.159	0.247
3117	0.159	0.247
3118	0.159	0.247
3119	0.159	0.247
3120	0.159	0.247
3121	0.159	0.247
3122	0.159	0.247
3123	0.159	0.247
3124	0.159	0.247
3125	0.159	0.247
3126	0.159	0.247
3127	0.159	0.247
3128	0.159	0.247
3129	0.159	0.246
3130	0.158	0.246
3131	0.158	0.246
3132	0.158	0.246
3133	0.158	0.246
3134	0.158	0.246
3135	0.158	0.246
3136	0.158	0.246
3137	0.158	0.246
3138	0.158	0.246
3139	0.158	0.246
3140	0.158	0.246
3141	0.158	0.246
3142	0.158	0.246
3143	0.158	0.245
3144	0.158	0.245
3145	0.158	0.245
3146	0.158	0.245
3147	0.158	0.245
3148	0.158	0.245
3149	0.158	0.245
3150	0.158	0.245
3151	0.157	0.245
3152	0.157	0.245
3153	0.157	0.245
3154	0.157	0.245
3155	0.157	0.245
3156	0.157	0.244
3157	0.157	0.244
3158	0.157	0.244
3159	0.157	0.244
3160	0.157	0.244
3161	0.157	0.244
3162	0.157	0.244
3163	0.157	0.244
3164	0.157	0.244
3165	0.157	0.244
3166	0.157	0.244
3167	0.157	0.244
3168	0.157	0.244
3169	0.157	0.244
3170	0.157	0.243
3171	0.157	0.243
3172	0.156	0.243
3173	0.156	0.243
3174	0.156	0.243
3175	0.156	0.243
3176	0.156	0.243
3177	0.156	0.243
3178	0.156	0.243
3179	0.156	0.243
3180	0.156	0.243
3181	0.156	0.243
3182	0.156	0.243
3183	0.156	0.243
3184	0.156	0.242
3185	0.156	0.242
3186	0.156	0.242
3187	0.156	0.242
3188	0.156	0.242
3189	0.156	0.242
3190	0.156	0.242
3191	0.156	0.242
3192	0.156	0.242
3193	0.155	0.242
3194	0.155	0.242
3195	0.155	0.242
3196	0.155	0.242
3197	0.155	0.242
3198	0.155	0.241
3199	0.155	0.241
3200	0.155	0.241
3201	0.155	0.241
3202	0.155	0.241
3203	0.155	0.241
3204	0.155	0.241
3205	0.155	0.241
3206	0.155	0.241
3207	0.155	0.241
3208	0.155	0.241
3209	0.155	0.241
3210	0.155	0.241
3211	0.155	0.241
3212	0.155	0.24
3213	0.155	0.24
3214	0.155	0.24
3215	0.154	0.24
3216	0.154	0.24
3217	0.154	0.24
3218	0.154	0.24
3219	0.154	0.24
3220	0.154	0.24
3221	0.154	0.24
3222	0.154	0.24
3223	0.154	0.24
3224	0.154	0.24
3225	0.154	0.24
3226	0.154	0.239
3227	0.154	0.239
3228	0.154	0.239
3229	0.154	0.239
3230	0.154	0.239
3231	0.154	0.239
3232	0.154	0.239
3233	0.154	0.239
3234	0.154	0.239
3235	0.154	0.239
3236	0.154	0.239
3237	0.153	0.239
3238	0.153	0.239
3239	0.153	0.239
3240	0.153	0.239
3241	0.153	0.238
3242	0.153	0.238
3243	0.153	0.238
3244	0.153	0.238
3245	0.153	0.238
3246	0.153	0.238
3247	0.153	0.238
3248	0.153	0.238
3249	0.153	0.238
3250	0.153	0.238
3251	0.153	0.238
3252	0.153	0.238
3253	0.153	0.238
3254	0.153	0.238
3255	0.153	0.237
3256	0.153	0.237
3257	0.153	0.237
3258	0.153	0.237
3259	0.152	0.237
3260	0.152	0.237
3261	0.152	0.237
3262	0.152	0.237
3263	0.152	0.237
3264	0.152	0.237
3265	0.152	0.237
3266	0.152	0.237
3267	0.152	0.237
3268	0.152	0.237
3269	0.152	0.237
3270	0.152	0.236
3271	0.152	0.236
3272	0.152	0.236
3273	0.152	0.236
3274	0.152	0.236
3275	0.152	0.236
3276	0.152	0.236
3277	0.152	0.236
3278	0.152	0.236
3279	0.152	0.236
3280	0.152	0.236
3281	0.151	0.236
3282	0.151	0.236
3283	0.151	0.236
3284	0.151	0.236
3285	0.151	0.235
3286	0.151	0.235
3287	0.151	0.235
3288	0.151	0.235
3289	0.151	0.235
3290	0.151	0.235
3291	0.151	0.235
3292	0.151	0.235
3293	0.151	0.235
3294	0.151	0.235
3295	0.151	0.235
3296	0.151	0.235
3297	0.151	0.235
3298	0.151	0.235
3299	0.151	0.234
3300	0.151	0.234
3301	0.151	0.234
3302	0.151	0.234
3303	0.151	0.234
3304	0.15	0.234
3305	0.15	0.234
3306	0.15	0.234
3307	0.15	0.234
3308	0.15	0.234
3309	0.15	0.234
3310	0.15	0.234
3311	0.15	0.234
3312	0.15	0.234
3313	0.15	0.234
3314	0.15	0.233
3315	0.15	0.233
3316	0.15	0.233
3317	0.15	0.233
3318	0.15	0.233
3319	0.15	0.233
3320	0.15	0.233
3321	0.15	0.233
3322	0.15	0.233
3323	0.15	0.233
3324	0.15	0.233
3325	0.15	0.233
3326	0.15	0.233
3327	0.149	0.233
3328	0.149	0.233
3329	0.149	0.232
3330	0.149	0.232
3331	0.149	0.232
3332	0.149	0.232
3333	0.149	0.232
3334	0.149	0.232
3335	0.149	0.232
3336	0.149	0.232
3337	0.149	0.232
3338	0.149	0.232
3339	0.149	0.232
3340	0.149	0.232
3341	0.149	0.232
3342	0.149	0.232
3343	0.149	0.232
3344	0.149	0.232
3345	0.149	0.231
3346	0.149	0.231
3347	0.149	0.231
3348	0.149	0.231
3349	0.149	0.231
3350	0.148	0.231
3351	0.148	0.231
3352	0.148	0.231
3353	0.148	0.231
3354	0.148	0.231
3355	0.148	0.231
3356	0.148	0.231
3357	0.148	0.231
3358	0.148	0.231
3359	0.148	0.231
3360	0.148	0.23
3361	0.148	0.23
3362	0.148	0.23
3363	0.148	0.23
3364	0.148	0.23
3365	0.148	0.23
3366	0.148	0.23
3367	0.148	0.23
3368	0.148	0.23
3369	0.148	0.23
3370	0.148	0.23
3371	0.148	0.23
3372	0.148	0.23
3373	0.147	0.23
3374	0.147	0.23
3375	0.147	0.229
3376	0.147	0.229
3377	0.147	0.229
3378	0.147	0.229
3379	0.147	0.229
3380	0.147	0.229
3381	0.147	0.229
3382	0.147	0.229
3383	0.147	0.229
3384	0.147	0.229
3385	0.147	0.229
3386	0.147	0.229
3387	0.147	0.229
3388	0.147	0.229
3389	0.147	0.229
3390	0.147	0.229
3391	0.147	0.228
3392	0.147	0.228
3393	0.147	0.228
3394	0.147	0.228
3395	0.147	0.228
3396	0.147	0.228
3397	0.146	0.228
3398	0.146	0.228
3399	0.146	0.228
3400	0.146	0.228
3401	0.146	0.228
3402	0.146	0.228
3403	0.146	0.228
3404	0.146	0.228
3405	0.146	0.228
3406	0.146	0.228
3407	0.146	0.227
3408	0.146	0.227
3409	0.146	0.227
3410	0.146	0.227
3411	0.146	0.227
3412	0.146	0.227
3413	0.146	0.227
3414	0.146	0.227
3415	0.146	0.227
3416	0.146	0.227
3417	0.146	0.227
3418	0.146	0.227
3419	0.146	0.227
3420	0.146	0.227
3421	0.145	0.227
3422	0.145	0.227
3423	0.145	0.226
3424	0.145	0.226
3425	0.145	0.226
3426	0.145	0.226
3427	0.145	0.226
3428	0.145	0.226
3429	0.145	0.226
3430	0.145	0.226
3431	0.145	0.226
3432	0.145	0.226
3433	0.145	0.226
3434	0.145	0.226
3435	0.145	0.226
3436	0.145	0.226
3437	0.145	0.226
3438	0.145	0.226
3439	0.145	0.225
3440	0.145	0.225
3441	0.145	0.225
3442	0.145	0.225
3443	0.145	0.225
3444	0.145	0.225
3445	0.145	0.225
3446	0.144	0.225
3447	0.144	0.225
3448	0.144	0.225
3449	0.144	0.225
3450	0.144	0.225
3451	0.144	0.225
3452	0.144	0.225
3453	0.144	0.225
3454	0.144	0.225
3455	0.144	0.224
3456	0.144	0.224
3457	0.144	0.224
3458	0.144	0.224
3459	0.144	0.224
3460	0.144	0.224
3461	0.144	0.224
3462	0.144	0.224
3463	0.144	0.224
3464	0.144	0.224
3465	0.144	0.224
3466	0.144	0.224
3467	0.144	0.224
3468	0.144	0.224
3469	0.144	0.224
3470	0.144	0.224
3471	0.143	0.223
3472	0.143	0.223
3473	0.143	0.223
3474	0.143	0.223
3475	0.143	0.223
3476	0.143	0.223
3477	0.143	0.223
3478	0.143	0.223
3479	0.143	0.223
3480	0.143	0.223
3481	0.143	0.223
3482	0.143	0.223
3483	0.143	0.223
3484	0.143	0.223
3485	0.143	0.223
3486	0.143	0.223
3487	0.143	0.222
3488	0.143	0.222
3489	0.143	0.222
3490	0.143	0.222
3491	0.143	0.222
3492	0.143	0.222
3493	0.143	0.222
3494	0.143	0.222
3495	0.143	0.222
3496	0.142	0.222
3497	0.142	0.222
3498	0.142	0.222
3499	0.142	0.222
3500	0.142	0.222
3501	0.142	0.222
3502	0.142	0.222
3503	0.142	0.222
3504	0.142	0.221
3505	0.142	0.221
3506	0.142	0.221
3507	0.142	0.221
3508	0.142	0.221
3509	0.142	0.221
3510	0.142	0.221
3511	0.142	0.221
3512	0.142	0.221
3513	0.142	0.221
3514	0.142	0.221
3515	0.142	0.221
3516	0.142	0.221
3517	0.142	0.221
3518	0.142	0.221
3519	0.142	0.221
3520	0.142	0.221
3521	0.142	0.22
3522	0.141	0.22
3523	0.141	0.22
3524	0.141	0.22
3525	0.141	0.22
3526	0.141	0.22
3527	0.141	0.22
3528	0.141	0.22
3529	0.141	0.22
3530	0.141	0.22
3531	0.141	0.22
3532	0.141	0.22
3533	0.141	0.22
3534	0.141	0.22
3535	0.141	0.22
3536	0.141	0.22
3537	0.141	0.219
3538	0.141	0.219
3539	0.141	0.219
3540	0.141	0.219
3541	0.141	0.219
3542	0.141	0.219
3543	0.141	0.219
3544	0.141	0.219
3545	0.141	0.219
3546	0.141	0.219
3547	0.141	0.219
3548	0.14	0.219
3549	0.14	0.219
3550	0.14	0.219
3551	0.14	0.219
3552	0.14	0.219
3553	0.14	0.219
3554	0.14	0.218
3555	0.14	0.218
3556	0.14	0.218
3557	0.14	0.218
3558	0.14	0.218
3559	0.14	0.218
3560	0.14	0.218
3561	0.14	0.218
3562	0.14	0.218
3563	0.14	0.218
3564	0.14	0.218
3565	0.14	0.218
3566	0.14	0.218
3567	0.14	0.218
3568	0.14	0.218
3569	0.14	0.218
3570	0.14	0.218
3571	0.14	0.218
3572	0.14	0.217
3573	0.14	0.217
3574	0.139	0.217
3575	0.139	0.217
3576	0.139	0.217
3577	0.139	0.217
3578	0.139	0.217
3579	0.139	0.217
3580	0.139	0.217
3581	0.139	0.217
3582	0.139	0.217
3583	0.139	0.217
3584	0.139	0.217
3585	0.139	0.217
3586	0.139	0.217
3587	0.139	0.217
3588	0.139	0.217
3589	0.139	0.216
3590	0.139	0.216
3591	0.139	0.216
3592	0.139	0.216
3593	0.139	0.216
3594	0.139	0.216
3595	0.139	0.216
3596	0.139	0.216
3597	0.139	0.216
3598	0.139	0.216
3599	0.139	0.216
3600	0.138	0.216
3601	0.138	0.216
3602	0.138	0.216
3603	0.138	0.216
3604	0.138	0.216
3605	0.138	0.216
3606	0.138	0.215
3607	0.138	0.215
3608	0.138	0.215
3609	0.138	0.215
3610	0.138	0.215
3611	0.138	0.215
3612	0.138	0.215
3613	0.138	0.215
3614	0.138	0.215
3615	0.138	0.215
3616	0.138	0.215
3617	0.138	0.215
3618	0.138	0.215
3619	0.138	0.215
3620	0.138	0.215
3621	0.138	0.215
3622	0.138	0.215
3623	0.138	0.215
3624	0.138	0.214
3625	0.138	0.214
3626	0.138	0.214
3627	0.137	0.214
3628	0.137	0.214
3629	0.137	0.214
3630	0.137	0.214
3631	0.137	0.214
3632	0.137	0.214
3633	0.137	0.214
3634	0.137	0.214
3635	0.137	0.214
3636	0.137	0.214
3637	0.137	0.214
3638	0.137	0.214
3639	0.137	0.214
3640	0.137	0.214
3641	0.137	0.214
3642	0.137	0.213
3643	0.137	0.213
3644	0.137	0.213
3645	0.137	0.213
3646	0.137	0.213
3647	0.137	0.213
3648	0.137	0.213
3649	0.137	0.213
3650	0.137	0.213
3651	0.137	0.213
3652	0.137	0.213
3653	0.137	0.213
3654	0.137	0.213
3655	0.136	0.213
3656	0.136	0.213
3657	0.136	0.213
3658	0.136	0.213
3659	0.136	0.213
3660	0.136	0.212
3661	0.136	0.212
3662	0.136	0.212
3663	0.136	0.212
3664	0.136	0.212
3665	0.136	0.212
3666	0.136	0.212
3667	0.136	0.212
3668	0.136	0.212
3669	0.136	0.212
3670	0.136	0.212
3671	0.136	0.212
3672	0.136	0.212
3673	0.136	0.212
3674	0.136	0.212
3675	0.136	0.212
3676	0.136	0.212
3677	0.136	0.212
3678	0.136	0.211
3679	0.136	0.211
3680	0.136	0.211
3681	0.136	0.211
3682	0.136	0.211
3683	0.135	0.211
3684	0.135	0.211
3685	0.135	0.211
3686	0.135	0.211
3687	0.135	0.211
3688	0.135	0.211
3689	0.135	0.211
3690	0.135	0.211
3691	0.135	0.211
3692	0.135	0.211
3693	0.135	0.211
3694	0.135	0.211
3695	0.135	0.211
3696	0.135	0.21
3697	0.135	0.21
3698	0.135	0.21
3699	0.135	0.21
3700	0.135	0.21
3701	0.135	0.21
3702	0.135	0.21
3703	0.135	0.21
3704	0.135	0.21
3705	0.135	0.21
3706	0.135	0.21
3707	0.135	0.21
3708	0.135	0.21
3709	0.135	0.21
3710	0.135	0.21
3711	0.134	0.21
3712	0.134	0.21
3713	0.134	0.21
3714	0.134	0.21
3715	0.134	0.209
3716	0.134	0.209
3717	0.134	0.209
3718	0.134	0.209
3719	0.134	0.209
3720	0.134	0.209
3721	0.134	0.209
3722	0.134	0.209
3723	0.134	0.209
3724	0.134	0.209
3725	0.134	0.209
3726	0.134	0.209
3727	0.134	0.209
3728	0.134	0.209
3729	0.134	0.209
3730	0.134	0.209
3731	0.134	0.209
3732	0.134	0.209
3733	0.134	0.208
3734	0.134	0.208
3735	0.134	0.208
3736	0.134	0.208
3737	0.134	0.208
3738	0.134	0.208
3739	0.134	0.208
3740	0.133	0.208
3741	0.133	0.208
3742	0.133	0.208
3743	0.133	0.208
3744	0.133	0.208
3745	0.133	0.208
3746	0.133	0.208
3747	0.133	0.208
3748	0.133	0.208
3749	0.133	0.208
3750	0.133	0.208
3751	0.133	0.208
3752	0.133	0.207
3753	0.133	0.207
3754	0.133	0.207
3755	0.133	0.207
3756	0.133	0.207
3757	0.133	0.207
3758	0.133	0.207
3759	0.133	0.207
3760	0.133	0.207
3761	0.133	0.207
3762	0.133	0.207
3763	0.133	0.207
3764	0.133	0.207
3765	0.133	0.207
3766	0.133	0.207
3767	0.133	0.207
3768	0.133	0.207
3769	0.132	0.207
3770	0.132	0.207
3771	0.132	0.206
3772	0.132	0.206
3773	0.132	0.206
3774	0.132	0.206
3775	0.132	0.206
3776	0.132	0.206
3777	0.132	0.206
3778	0.132	0.206
3779	0.132	0.206
3780	0.132	0.206
3781	0.132	0.206
3782	0.132	0.206
3783	0.132	0.206
3784	0.132	0.206
3785	0.132	0.206
3786	0.132	0.206
3787	0.132	0.206
3788	0.132	0.206
3789	0.132	0.206
3790	0.132	0.205
3791	0.132	0.205
3792	0.132	0.205
3793	0.132	0.205
3794	0.132	0.205
3795	0.132	0.205
3796	0.132	0.205
3797	0.132	0.205
3798	0.131	0.205
3799	0.131	0.205
3800	0.131	0.205
3801	0.131	0.205
3802	0.131	0.205
3803	0.131	0.205
3804	0.131	0.205
3805	0.131	0.205
3806	0.131	0.205
3807	0.131	0.205
3808	0.131	0.205
3809	0.131	0.205
3810	0.131	0.204
3811	0.131	0.204
3812	0.131	0.204
3813	0.131	0.204
3814	0.131	0.204
3815	0.131	0.204
3816	0.131	0.204
3817	0.131	0.204
3818	0.131	0.204
3819	0.131	0.204
3820	0.131	0.204
3821	0.131	0.204
3822	0.131	0.204
3823	0.131	0.204
3824	0.131	0.204
3825	0.131	0.204
3826	0.131	0.204
3827	0.131	0.204
3828	0.13	0.204
3829	0.13	0.203
3830	0.13	0.203
3831	0.13	0.203
3832	0.13	0.203
3833	0.13	0.203
3834	0.13	0.203
3835	0.13	0.203
3836	0.13	0.203
3837	0.13	0.203
3838	0.13	0.203
3839	0.13	0.203
3840	0.13	0.203
3841	0.13	0.203
3842	0.13	0.203
3843	0.13	0.203
3844	0.13	0.203
3845	0.13	0.203
3846	0.13	0.203
3847	0.13	0.203
3848	0.13	0.203
3849	0.13	0.202
3850	0.13	0.202
3851	0.13	0.202
3852	0.13	0.202
3853	0.13	0.202
3854	0.13	0.202
3855	0.13	0.202
3856	0.13	0.202
3857	0.13	0.202
3858	0.129	0.202
3859	0.129	0.202
3860	0.129	0.202
3861	0.129	0.202
3862	0.129	0.202
3863	0.129	0.202
3864	0.129	0.202
3865	0.129	0.202
3866	0.129	0.202
3867	0.129	0.202
3868	0.129	0.202
3869	0.129	0.201
3870	0.129	0.201
3871	0.129	0.201
3872	0.129	0.201
3873	0.129	0.201
3874	0.129	0.201
3875	0.129	0.201
3876	0.129	0.201
3877	0.129	0.201
3878	0.129	0.201
3879	0.129	0.201
3880	0.129	0.201
3881	0.129	0.201
3882	0.129	0.201
3883	0.129	0.201
3884	0.129	0.201
3885	0.129	0.201
3886	0.129	0.201
3887	0.129	0.201
3888	0.129	0.201
3889	0.128	0.2
3890	0.128	0.2
3891	0.128	0.2
3892	0.128	0.2
3893	0.128	0.2
3894	0.128	0.2
3895	0.128	0.2
3896	0.128	0.2
3897	0.128	0.2
3898	0.128	0.2
3899	0.128	0.2
3900	0.128	0.2
3901	0.128	0.2
3902	0.128	0.2
3903	0.128	0.2
3904	0.128	0.2
3905	0.128	0.2
3906	0.128	0.2
3907	0.128	0.2
3908	0.128	0.2
3909	0.128	0.199
3910	0.128	0.199
3911	0.128	0.199
3912	0.128	0.199
3913	0.128	0.199
3914	0.128	0.199
3915	0.128	0.199
3916	0.128	0.199
3917	0.128	0.199
3918	0.128	0.199
3919	0.128	0.199
3920	0.128	0.199
3921	0.127	0.199
3922	0.127	0.199
3923	0.127	0.199
3924	0.127	0.199
3925	0.127	0.199
3926	0.127	0.199
3927	0.127	0.199
3928	0.127	0.199
3929	0.127	0.199
3930	0.127	0.198
3931	0.127	0.198
3932	0.127	0.198
3933	0.127	0.198
3934	0.127	0.198
3935	0.127	0.198
3936	0.127	0.198
3937	0.127	0.198
3938	0.127	0.198
3939	0.127	0.198
3940	0.127	0.198
3941	0.127	0.198
3942	0.127	0.198
3943	0.127	0.198
3944	0.127	0.198
3945	0.127	0.198
3946	0.127	0.198
3947	0.127	0.198
3948	0.127	0.198
3949	0.127	0.198
3950	0.127	0.197
3951	0.127	0.197
3952	0.126	0.197
3953	0.126	0.197
3954	0.126	0.197
3955	0.126	0.197
3956	0.126	0.197
3957	0.126	0.197
3958	0.126	0.197
3959	0.126	0.197
3960	0.126	0.197
3961	0.126	0.197
3962	0.126	0.197
3963	0.126	0.197
3964	0.126	0.197
3965	0.126	0.197
3966	0.126	0.197
3967	0.126	0.197
3968	0.126	0.197
3969	0.126	0.197
3970	0.126	0.197
3971	0.126	0.196
3972	0.126	0.196
3973	0.126	0.196
3974	0.126	0.196
3975	0.126	0.196
3976	0.126	0.196
3977	0.126	0.196
3978	0.126	0.196
3979	0.126	0.196
3980	0.126	0.196
3981	0.126	0.196
3982	0.126	0.196
3983	0.126	0.196
3984	0.126	0.196
3985	0.125	0.196
3986	0.125	0.196
3987	0.125	0.196
3988	0.125	0.196
3989	0.125	0.196
3990	0.125	0.196
3991	0.125	0.196
3992	0.125	0.195
3993	0.125	0.195
3994	0.125	0.195
3995	0.125	0.195
3996	0.125	0.195
3997	0.125	0.195
3998	0.125	0.195
3999	0.125	0.195
4000	0.125	0.195
4001	0.125	0.195
4002	0.125	0.195
4003	0.125	0.195
4004	0.125	0.195
4005	0.125	0.195
4006	0.125	0.195
4007	0.125	0.195
4008	0.125	0.195
4009	0.125	0.195
4010	0.125	0.195
4011	0.125	0.195
4012	0.125	0.195
4013	0.125	0.195
4014	0.125	0.194
4015	0.125	0.194
4016	0.125	0.194
4017	0.125	0.194
4018	0.124	0.194
4019	0.124	0.194
4020	0.124	0.194
4021	0.124	0.194
4022	0.124	0.194
4023	0.124	0.194
4024	0.124	0.194
4025	0.124	0.194
4026	0.124	0.194
4027	0.124	0.194
4028	0.124	0.194
4029	0.124	0.194
4030	0.124	0.194
4031	0.124	0.194
4032	0.124	0.194
4033	0.124	0.194
4034	0.124	0.194
4035	0.124	0.193
4036	0.124	0.193
4037	0.124	0.193
4038	0.124	0.193
4039	0.124	0.193
4040	0.124	0.193
4041	0.124	0.193
4042	0.124	0.193
4043	0.124	0.193
4044	0.124	0.193
4045	0.124	0.193
4046	0.124	0.193
4047	0.124	0.193
4048	0.124	0.193
4049	0.124	0.193
4050	0.124	0.193
4051	0.123	0.193
4052	0.123	0.193
4053	0.123	0.193
4054	0.123	0.193
4055	0.123	0.193
4056	0.123	0.193
4057	0.123	0.192
4058	0.123	0.192
4059	0.123	0.192
4060	0.123	0.192
4061	0.123	0.192
4062	0.123	0.192
4063	0.123	0.192
4064	0.123	0.192
4065	0.123	0.192
4066	0.123	0.192
4067	0.123	0.192
4068	0.123	0.192
4069	0.123	0.192
4070	0.123	0.192
4071	0.123	0.192
4072	0.123	0.192
4073	0.123	0.192
4074	0.123	0.192
4075	0.123	0.192
4076	0.123	0.192
4077	0.123	0.192
4078	0.123	0.192
4079	0.123	0.191
4080	0.123	0.191
4081	0.123	0.191
4082	0.123	0.191
4083	0.123	0.191
4084	0.123	0.191
4085	0.122	0.191
4086	0.122	0.191
4087	0.122	0.191
4088	0.122	0.191
4089	0.122	0.191
4090	0.122	0.191
4091	0.122	0.191
4092	0.122	0.191
4093	0.122	0.191
4094	0.122	0.191
4095	0.122	0.191
4096	0.122	0.191
4097	0.122	0.191
4098	0.122	0.191
4099	0.122	0.191
4100	0.122	0.191
4101	0.122	0.19
4102	0.122	0.19
4103	0.122	0.19
4104	0.122	0.19
4105	0.122	0.19
4106	0.122	0.19
4107	0.122	0.19
4108	0.122	0.19
4109	0.122	0.19
4110	0.122	0.19
4111	0.122	0.19
4112	0.122	0.19
4113	0.122	0.19
4114	0.122	0.19
4115	0.122	0.19
4116	0.122	0.19
4117	0.122	0.19
4118	0.122	0.19
4119	0.121	0.19
4120	0.121	0.19
4121	0.121	0.19
4122	0.121	0.19
4123	0.121	0.19
4124	0.121	0.189
4125	0.121	0.189
4126	0.121	0.189
4127	0.121	0.189
4128	0.121	0.189
4129	0.121	0.189
4130	0.121	0.189
4131	0.121	0.189
4132	0.121	0.189
4133	0.121	0.189
4134	0.121	0.189
4135	0.121	0.189
4136	0.121	0.189
4137	0.121	0.189
4138	0.121	0.189
4139	0.121	0.189
4140	0.121	0.189
4141	0.121	0.189
4142	0.121	0.189
4143	0.121	0.189
4144	0.121	0.189
4145	0.121	0.189
4146	0.121	0.188
4147	0.121	0.188
4148	0.121	0.188
4149	0.121	0.188
4150	0.121	0.188
4151	0.121	0.188
4152	0.121	0.188
4153	0.121	0.188
4154	0.12	0.188
4155	0.12	0.188
4156	0.12	0.188
4157	0.12	0.188
4158	0.12	0.188
4159	0.12	0.188
4160	0.12	0.188
4161	0.12	0.188
4162	0.12	0.188
4163	0.12	0.188
4164	0.12	0.188
4165	0.12	0.188
4166	0.12	0.188
4167	0.12	0.188
4168	0.12	0.188
4169	0.12	0.187
4170	0.12	0.187
4171	0.12	0.187
4172	0.12	0.187
4173	0.12	0.187
4174	0.12	0.187
4175	0.12	0.187
4176	0.12	0.187
4177	0.12	0.187
4178	0.12	0.187
4179	0.12	0.187
4180	0.12	0.187
4181	0.12	0.187
4182	0.12	0.187
4183	0.12	0.187
4184	0.12	0.187
4185	0.12	0.187
4186	0.12	0.187
4187	0.12	0.187
4188	0.12	0.187
4189	0.12	0.187
4190	0.119	0.187
4191	0.119	0.187
4192	0.119	0.187
4193	0.119	0.186
4194	0.119	0.186
4195	0.119	0.186
4196	0.119	0.186
4197	0.119	0.186
4198	0.119	0.186
4199	0.119	0.186
4200	0.119	0.186
4201	0.119	0.186
4202	0.119	0.186
4203	0.119	0.186
4204	0.119	0.186
4205	0.119	0.186
4206	0.119	0.186
4207	0.119	0.186
4208	0.119	0.186
4209	0.119	0.186
4210	0.119	0.186
4211	0.119	0.186
4212	0.119	0.186
4213	0.119	0.186
4214	0.119	0.186
4215	0.119	0.186
4216	0.119	0.185
4217	0.119	0.185
4218	0.119	0.185
4219	0.119	0.185
4220	0.119	0.185
4221	0.119	0.185
4222	0.119	0.185
4223	0.119	0.185
4224	0.119	0.185
4225	0.119	0.185
4226	0.118	0.185
4227	0.118	0.185
4228	0.118	0.185
4229	0.118	0.185
4230	0.118	0.185
4231	0.118	0.185
4232	0.118	0.185
4233	0.118	0.185
4234	0.118	0.185
4235	0.118	0.185
4236	0.118	0.185
4237	0.118	0.185
4238	0.118	0.185
4239	0.118	0.185
4240	0.118	0.184
4241	0.118	0.184
4242	0.118	0.184
4243	0.118	0.184
4244	0.118	0.184
4245	0.118	0.184
4246	0.118	0.184
4247	0.118	0.184
4248	0.118	0.184
4249	0.118	0.184
4250	0.118	0.184
4251	0.118	0.184
4252	0.118	0.184
4253	0.118	0.184
4254	0.118	0.184
4255	0.118	0.184
4256	0.118	0.184
4257	0.118	0.184
4258	0.118	0.184
4259	0.118	0.184
4260	0.118	0.184
4261	0.118	0.184
4262	0.118	0.184
4263	0.117	0.184
4264	0.117	0.183
4265	0.117	0.183
4266	0.117	0.183
4267	0.117	0.183
4268	0.117	0.183
4269	0.117	0.183
4270	0.117	0.183
4271	0.117	0.183
4272	0.117	0.183
4273	0.117	0.183
4274	0.117	0.183
4275	0.117	0.183
4276	0.117	0.183
4277	0.117	0.183
4278	0.117	0.183
4279	0.117	0.183
4280	0.117	0.183
4281	0.117	0.183
4282	0.117	0.183
4283	0.117	0.183
4284	0.117	0.183
4285	0.117	0.183
4286	0.117	0.183
4287	0.117	0.183
4288	0.117	0.182
4289	0.117	0.182
4290	0.117	0.182
4291	0.117	0.182
4292	0.117	0.182
4293	0.117	0.182
4294	0.117	0.182
4295	0.117	0.182
4296	0.117	0.182
4297	0.117	0.182
4298	0.117	0.182
4299	0.117	0.182
4300	0.116	0.182
4301	0.116	0.182
4302	0.116	0.182
4303	0.116	0.182
4304	0.116	0.182
4305	0.116	0.182
4306	0.116	0.182
4307	0.116	0.182
4308	0.116	0.182
4309	0.116	0.182
4310	0.116	0.182
4311	0.116	0.182
4312	0.116	0.181
4313	0.116	0.181
4314	0.116	0.181
4315	0.116	0.181
4316	0.116	0.181
4317	0.116	0.181
4318	0.116	0.181
4319	0.116	0.181
4320	0.116	0.181
4321	0.116	0.181
4322	0.116	0.181
4323	0.116	0.181
4324	0.116	0.181
4325	0.116	0.181
4326	0.116	0.181
4327	0.116	0.181
4328	0.116	0.181
4329	0.116	0.181
4330	0.116	0.181
4331	0.116	0.181
4332	0.116	0.181
4333	0.116	0.181
4334	0.116	0.181
4335	0.116	0.181
4336	0.116	0.181
4337	0.116	0.18
4338	0.115	0.18
4339	0.115	0.18
4340	0.115	0.18
4341	0.115	0.18
4342	0.115	0.18
4343	0.115	0.18
4344	0.115	0.18
4345	0.115	0.18
4346	0.115	0.18
4347	0.115	0.18
4348	0.115	0.18
4349	0.115	0.18
4350	0.115	0.18
4351	0.115	0.18
4352	0.115	0.18
4353	0.115	0.18
4354	0.115	0.18
4355	0.115	0.18
4356	0.115	0.18
4357	0.115	0.18
4358	0.115	0.18
4359	0.115	0.18
4360	0.115	0.18
4361	0.115	0.18
4362	0.115	0.179
4363	0.115	0.179
4364	0.115	0.179
4365	0.115	0.179
4366	0.115	0.179
4367	0.115	0.179
4368	0.115	0.179
4369	0.115	0.179
4370	0.115	0.179
4371	0.115	0.179
4372	0.115	0.179
4373	0.115	0.179
4374	0.115	0.179
4375	0.115	0.179
4376	0.115	0.179
4377	0.114	0.179
4378	0.114	0.179
4379	0.114	0.179
4380	0.114	0.179
4381	0.114	0.179
4382	0.114	0.179
4383	0.114	0.179
4384	0.114	0.179
4385	0.114	0.179
4386	0.114	0.179
4387	0.114	0.178
4388	0.114	0.178
4389	0.114	0.178
4390	0.114	0.178
4391	0.114	0.178
4392	0.114	0.178
4393	0.114	0.178
4394	0.114	0.178
4395	0.114	0.178
4396	0.114	0.178
4397	0.114	0.178
4398	0.114	0.178
4399	0.114	0.178
4400	0.114	0.178
4401	0.114	0.178
4402	0.114	0.178
4403	0.114	0.178
4404	0.114	0.178
4405	0.114	0.178
4406	0.114	0.178
4407	0.114	0.178
4408	0.114	0.178
4409	0.114	0.178
4410	0.114	0.178
4411	0.114	0.178
4412	0.114	0.178
4413	0.114	0.177
4414	0.114	0.177
4415	0.114	0.177
4416	0.114	0.177
4417	0.113	0.177
4418	0.113	0.177
4419	0.113	0.177
4420	0.113	0.177
4421	0.113	0.177
4422	0.113	0.177
4423	0.113	0.177
4424	0.113	0.177
4425	0.113	0.177
4426	0.113	0.177
4427	0.113	0.177
4428	0.113	0.177
4429	0.113	0.177
4430	0.113	0.177
4431	0.113	0.177
4432	0.113	0.177
4433	0.113	0.177
4434	0.113	0.177
4435	0.113	0.177
4436	0.113	0.177
4437	0.113	0.177
4438	0.113	0.176
4439	0.113	0.176
4440	0.113	0.176
4441	0.113	0.176
4442	0.113	0.176
4443	0.113	0.176
4444	0.113	0.176
4445	0.113	0.176
4446	0.113	0.176
4447	0.113	0.176
4448	0.113	0.176
4449	0.113	0.176
4450	0.113	0.176
4451	0.113	0.176
4452	0.113	0.176
4453	0.113	0.176
4454	0.113	0.176
4455	0.113	0.176
4456	0.113	0.176
4457	0.112	0.176
4458	0.112	0.176
4459	0.112	0.176
4460	0.112	0.176
4461	0.112	0.176
4462	0.112	0.176
4463	0.112	0.176
4464	0.112	0.175
4465	0.112	0.175
4466	0.112	0.175
4467	0.112	0.175
4468	0.112	0.175
4469	0.112	0.175
4470	0.112	0.175
4471	0.112	0.175
4472	0.112	0.175
4473	0.112	0.175
4474	0.112	0.175
4475	0.112	0.175
4476	0.112	0.175
4477	0.112	0.175
4478	0.112	0.175
4479	0.112	0.175
4480	0.112	0.175
4481	0.112	0.175
4482	0.112	0.175
4483	0.112	0.175
4484	0.112	0.175
4485	0.112	0.175
4486	0.112	0.175
4487	0.112	0.175
4488	0.112	0.175
4489	0.112	0.175
4490	0.112	0.175
4491	0.112	0.174
4492	0.112	0.174
4493	0.112	0.174
4494	0.112	0.174
4495	0.112	0.174
4496	0.112	0.174
4497	0.111	0.174
4498	0.111	0.174
4499	0.111	0.174
4500	0.111	0.174
4501	0.111	0.174
4502	0.111	0.174
4503	0.111	0.174
4504	0.111	0.174
4505	0.111	0.174
4506	0.111	0.174
4507	0.111	0.174
4508	0.111	0.174
4509	0.111	0.174
4510	0.111	0.174
4511	0.111	0.174
4512	0.111	0.174
4513	0.111	0.174
4514	0.111	0.174
4515	0.111	0.174
4516	0.111	0.174
4517	0.111	0.174
4518	0.111	0.173
4519	0.111	0.173
4520	0.111	0.173
4521	0.111	0.173
4522	0.111	0.173
4523	0.111	0.173
4524	0.111	0.173
4525	0.111	0.173
4526	0.111	0.173
4527	0.111	0.173
4528	0.111	0.173
4529	0.111	0.173
4530	0.111	0.173
4531	0.111	0.173
4532	0.111	0.173
4533	0.111	0.173
4534	0.111	0.173
4535	0.111	0.173
4536	0.111	0.173
4537	0.111	0.173
4538	0.111	0.173
4539	0.11	0.173
4540	0.11	0.173
4541	0.11	0.173
4542	0.11	0.173
4543	0.11	0.173
4544	0.11	0.173
4545	0.11	0.172
4546	0.11	0.172
4547	0.11	0.172
4548	0.11	0.172
4549	0.11	0.172
4550	0.11	0.172
4551	0.11	0.172
4552	0.11	0.172
4553	0.11	0.172
4554	0.11	0.172
4555	0.11	0.172
4556	0.11	0.172
4557	0.11	0.172
4558	0.11	0.172
4559	0.11	0.172
4560	0.11	0.172
4561	0.11	0.172
4562	0.11	0.172
4563	0.11	0.172
4564	0.11	0.172
4565	0.11	0.172
4566	0.11	0.172
4567	0.11	0.172
4568	0.11	0.172
4569	0.11	0.172
4570	0.11	0.172
4571	0.11	0.172
4572	0.11	0.171
4573	0.11	0.171
4574	0.11	0.171
4575	0.11	0.171
4576	0.11	0.171
4577	0.11	0.171
4578	0.11	0.171
4579	0.11	0.171
4580	0.11	0.171
4581	0.109	0.171
4582	0.109	0.171
4583	0.109	0.171
4584	0.109	0.171
4585	0.109	0.171
4586	0.109	0.171
4587	0.109	0.171
4588	0.109	0.171
4589	0.109	0.171
4590	0.109	0.171
4591	0.109	0.171
4592	0.109	0.171
4593	0.109	0.171
4594	0.109	0.171
4595	0.109	0.171
4596	0.109	0.171
4597	0.109	0.171
4598	0.109	0.171
4599	0.109	0.17
4600	0.109	0.17
4601	0.109	0.17
4602	0.109	0.17
4603	0.109	0.17
4604	0.109	0.17
4605	0.109	0.17
4606	0.109	0.17
4607	0.109	0.17
4608	0.109	0.17
4609	0.109	0.17
4610	0.109	0.17
4611	0.109	0.17
4612	0.109	0.17
4613	0.109	0.17
4614	0.109	0.17
4615	0.109	0.17
4616	0.109	0.17
4617	0.109	0.17
4618	0.109	0.17
4619	0.109	0.17
4620	0.109	0.17
4621	0.109	0.17
4622	0.109	0.17
4623	0.109	0.17
4624	0.108	0.17
4625	0.108	0.17
4626	0.108	0.17
4627	0.108	0.169
4628	0.108	0.169
4629	0.108	0.169
4630	0.108	0.169
4631	0.108	0.169
4632	0.108	0.169
4633	0.108	0.169
4634	0.108	0.169
4635	0.108	0.169
4636	0.108	0.169
4637	0.108	0.169
4638	0.108	0.169
4639	0.108	0.169
4640	0.108	0.169
4641	0.108	0.169
4642	0.108	0.169
4643	0.108	0.169
4644	0.108	0.169
4645	0.108	0.169
4646	0.108	0.169
4647	0.108	0.169
4648	0.108	0.169
4649	0.108	0.169
4650	0.108	0.169
4651	0.108	0.169
4652	0.108	0.169
4653	0.108	0.169
4654	0.108	0.169
4655	0.108	0.169
4656	0.108	0.168
4657	0.108	0.168
4658	0.108	0.168
4659	0.108	0.168
4660	0.108	0.168
4661	0.108	0.168
4662	0.108	0.168
4663	0.108	0.168
4664	0.108	0.168
4665	0.108	0.168
4666	0.108	0.168
4667	0.108	0.168
4668	0.107	0.168
4669	0.107	0.168
4670	0.107	0.168
4671	0.107	0.168
4672	0.107	0.168
4673	0.107	0.168
4674	0.107	0.168
4675	0.107	0.168
4676	0.107	0.168
4677	0.107	0.168
4678	0.107	0.168
4679	0.107	0.168
4680	0.107	0.168
4681	0.107	0.168
4682	0.107	0.168
4683	0.107	0.168
4684	0.107	0.167
4685	0.107	0.167
4686	0.107	0.167
4687	0.107	0.167
4688	0.107	0.167
4689	0.107	0.167
4690	0.107	0.167
4691	0.107	0.167
4692	0.107	0.167
4693	0.107	0.167
4694	0.107	0.167
4695	0.107	0.167
4696	0.107	0.167
4697	0.107	0.167
4698	0.107	0.167
4699	0.107	0.167
4700	0.107	0.167
4701	0.107	0.167
4702	0.107	0.167
4703	0.107	0.167
4704	0.107	0.167
4705	0.107	0.167
4706	0.107	0.167
4707	0.107	0.167
4708	0.107	0.167
4709	0.107	0.167
4710	0.107	0.167
4711	0.107	0.167
4712	0.107	0.167
4713	0.106	0.166
4714	0.106	0.166
4715	0.106	0.166
4716	0.106	0.166
4717	0.106	0.166
4718	0.106	0.166
4719	0.106	0.166
4720	0.106	0.166
4721	0.106	0.166
4722	0.106	0.166
4723	0.106	0.166
4724	0.106	0.166
4725	0.106	0.166
4726	0.106	0.166
4727	0.106	0.166
4728	0.106	0.166
4729	0.106	0.166
4730	0.106	0.166
4731	0.106	0.166
4732	0.106	0.166
4733	0.106	0.166
4734	0.106	0.166
4735	0.106	0.166
4736	0.106	0.166
4737	0.106	0.166
4738	0.106	0.166
4739	0.106	0.166
4740	0.106	0.166
4741	0.106	0.166
4742	0.106	0.165
4743	0.106	0.165
4744	0.106	0.165
4745	0.106	0.165
4746	0.106	0.165
4747	0.106	0.165
4748	0.106	0.165
4749	0.106	0.165
4750	0.106	0.165
4751	0.106	0.165
4752	0.106	0.165
4753	0.106	0.165
4754	0.106	0.165
4755	0.106	0.165
4756	0.106	0.165
4757	0.106	0.165
4758	0.105	0.165
4759	0.105	0.165
4760	0.105	0.165
4761	0.105	0.165
4762	0.105	0.165
4763	0.105	0.165
4764	0.105	0.165
4765	0.105	0.165
4766	0.105	0.165
4767	0.105	0.165
4768	0.105	0.165
4769	0.105	0.165
4770	0.105	0.165
4771	0.105	0.165
4772	0.105	0.164
4773	0.105	0.164
4774	0.105	0.164
4775	0.105	0.164
4776	0.105	0.164
4777	0.105	0.164
4778	0.105	0.164
4779	0.105	0.164
4780	0.105	0.164
4781	0.105	0.164
4782	0.105	0.164
4783	0.105	0.164
4784	0.105	0.164
4785	0.105	0.164
4786	0.105	0.164
4787	0.105	0.164
4788	0.105	0.164
4789	0.105	0.164
4790	0.105	0.164
4791	0.105	0.164
4792	0.105	0.164
4793	0.105	0.164
4794	0.105	0.164
4795	0.105	0.164
4796	0.105	0.164
4797	0.105	0.164
4798	0.105	0.164
4799	0.105	0.164
4800	0.105	0.164
4801	0.105	0.164
4802	0.105	0.163
4803	0.105	0.163
4804	0.105	0.163
4805	0.104	0.163
4806	0.104	0.163
4807	0.104	0.163
4808	0.104	0.163
4809	0.104	0.163
4810	0.104	0.163
4811	0.104	0.163
4812	0.104	0.163
4813	0.104	0.163
4814	0.104	0.163
4815	0.104	0.163
4816	0.104	0.163
4817	0.104	0.163
4818	0.104	0.163
4819	0.104	0.163
4820	0.104	0.163
4821	0.104	0.163
4822	0.104	0.163
4823	0.104	0.163
4824	0.104	0.163
4825	0.104	0.163
4826	0.104	0.163
4827	0.104	0.163
4828	0.104	0.163
4829	0.104	0.163
4830	0.104	0.163
4831	0.104	0.163
4832	0.104	0.162
4833	0.104	0.162
4834	0.104	0.162
4835	0.104	0.162
4836	0.104	0.162
4837	0.104	0.162
4838	0.104	0.162
4839	0.104	0.162
4840	0.104	0.162
4841	0.104	0.162
4842	0.104	0.162
4843	0.104	0.162
4844	0.104	0.162
4845	0.104	0.162
4846	0.104	0.162
4847	0.104	0.162
4848	0.104	0.162
4849	0.104	0.162
4850	0.104	0.162
4851	0.104	0.162
4852	0.103	0.162
4853	0.103	0.162
4854	0.103	0.162
4855	0.103	0.162
4856	0.103	0.162
4857	0.103	0.162
4858	0.103	0.162
4859	0.103	0.162
4860	0.103	0.162
4861	0.103	0.162
4862	0.103	0.162
4863	0.103	0.161
4864	0.103	0.161
4865	0.103	0.161
4866	0.103	0.161
4867	0.103	0.161
4868	0.103	0.161
4869	0.103	0.161
4870	0.103	0.161
4871	0.103	0.161
4872	0.103	0.161
4873	0.103	0.161
4874	0.103	0.161
4875	0.103	0.161
4876	0.103	0.161
4877	0.103	0.161
4878	0.103	0.161
4879	0.103	0.161
4880	0.103	0.161
4881	0.103	0.161
4882	0.103	0.161
4883	0.103	0.161
4884	0.103	0.161
4885	0.103	0.161
4886	0.103	0.161
4887	0.103	0.161
4888	0.103	0.161
4889	0.103	0.161
4890	0.103	0.161
4891	0.103	0.161
4892	0.103	0.161
4893	0.103	0.161
4894	0.103	0.16
4895	0.103	0.16
4896	0.103	0.16
4897	0.103	0.16
4898	0.103	0.16
4899	0.103	0.16
4900	0.102	0.16
4901	0.102	0.16
4902	0.102	0.16
4903	0.102	0.16
4904	0.102	0.16
4905	0.102	0.16
4906	0.102	0.16
4907	0.102	0.16
4908	0.102	0.16
4909	0.102	0.16
4910	0.102	0.16
4911	0.102	0.16
4912	0.102	0.16
4913	0.102	0.16
4914	0.102	0.16
4915	0.102	0.16
4916	0.102	0.16
4917	0.102	0.16
4918	0.102	0.16
4919	0.102	0.16
4920	0.102	0.16
4921	0.102	0.16
4922	0.102	0.16
4923	0.102	0.16
4924	0.102	0.16
4925	0.102	0.16
4926	0.102	0.159
4927	0.102	0.159
4928	0.102	0.159
4929	0.102	0.159
4930	0.102	0.159
4931	0.102	0.159
4932	0.102	0.159
4933	0.102	0.159
4934	0.102	0.159
4935	0.102	0.159
4936	0.102	0.159
4937	0.102	0.159
4938	0.102	0.159
4939	0.102	0.159
4940	0.102	0.159
4941	0.102	0.159
4942	0.102	0.159
4943	0.102	0.159
4944	0.102	0.159
4945	0.102	0.159
4946	0.102	0.159
4947	0.102	0.159
4948	0.102	0.159
4949	0.101	0.159
4950	0.101	0.159
4951	0.101	0.159
4952	0.101	0.159
4953	0.101	0.159
4954	0.101	0.159
4955	0.101	0.159
4956	0.101	0.159
4957	0.101	0.159
4958	0.101	0.158
4959	0.101	0.158
4960	0.101	0.158
4961	0.101	0.158
4962	0.101	0.158
4963	0.101	0.158
4964	0.101	0.158
4965	0.101	0.158
4966	0.101	0.158
4967	0.101	0.158
4968	0.101	0.158
4969	0.101	0.158
4970	0.101	0.158
4971	0.101	0.158
4972	0.101	0.158
4973	0.101	0.158
4974	0.101	0.158
4975	0.101	0.158
4976	0.101	0.158
4977	0.101	0.158
4978	0.101	0.158
4979	0.101	0.158
4980	0.101	0.158
4981	0.101	0.158
4982	0.101	0.158
4983	0.101	0.158
4984	0.101	0.158
4985	0.101	0.158
4986	0.101	0.158
4987	0.101	0.158
4988	0.101	0.158
4989	0.101	0.158
4990	0.101	0.157
4991	0.101	0.157
4992	0.101	0.157
4993	0.101	0.157
4994	0.101	0.157
4995	0.101	0.157
4996	0.101	0.157
4997	0.101	0.157
4998	0.101	0.157
4999	0.1	0.157
