R-L
f	тву	юву
0	1.0	0.0
1	0.996	0.006
2	0.992	0.013
3	0.988	0.019
4	0.984	0.025
5	0.98	0.031
6	0.976	0.038
7	0.972	0.044
8	0.968	0.05
9	0.964	0.056
10	0.96	0.063
11	0.956	0.069
12	0.952	0.075
13	0.948	0.081
14	0.944	0.088
15	0.94	0.094
16	0.936	0.1
17	0.932	0.106
18	0.928	0.112
19	0.924	0.119
20	0.92	0.125
21	0.916	0.131
22	0.913	0.137
23	0.909	0.143
24	0.905	0.149
25	0.901	0.155
26	0.897	0.161
27	0.893	0.167
28	0.889	0.173
29	0.885	0.179
30	0.881	0.185
31	0.878	0.191
32	0.874	0.197
33	0.87	0.203
34	0.866	0.209
35	0.862	0.215
36	0.858	0.221
37	0.855	0.226
38	0.851	0.232
39	0.847	0.238
40	0.843	0.244
41	0.839	0.249
42	0.836	0.255
43	0.832	0.261
44	0.828	0.266
45	0.825	0.272
46	0.821	0.278
47	0.817	0.283
48	0.814	0.289
49	0.81	0.294
50	0.806	0.3
51	0.803	0.305
52	0.799	0.311
53	0.795	0.316
54	0.792	0.321
55	0.788	0.327
56	0.785	0.332
57	0.781	0.337
58	0.778	0.342
59	0.774	0.348
60	0.77	0.353
61	0.767	0.358
62	0.764	0.363
63	0.76	0.368
64	0.757	0.373
65	0.753	0.378
66	0.75	0.383
67	0.746	0.388
68	0.743	0.393
69	0.74	0.398
70	0.736	0.403
71	0.733	0.407
72	0.73	0.412
73	0.726	0.417
74	0.723	0.422
75	0.72	0.426
76	0.716	0.431
77	0.713	0.436
78	0.71	0.44
79	0.707	0.445
80	0.703	0.449
81	0.7	0.454
82	0.697	0.458
83	0.694	0.462
84	0.691	0.467
85	0.688	0.471
86	0.685	0.475
87	0.682	0.48
88	0.678	0.484
89	0.675	0.488
90	0.672	0.492
91	0.669	0.496
92	0.666	0.5
93	0.663	0.505
94	0.66	0.509
95	0.657	0.513
96	0.654	0.517
97	0.652	0.52
98	0.649	0.524
99	0.646	0.528
100	0.643	0.532
101	0.64	0.536
102	0.637	0.54
103	0.634	0.543
104	0.632	0.547
105	0.629	0.551
106	0.626	0.554
107	0.623	0.558
108	0.62	0.562
109	0.618	0.565
110	0.615	0.569
111	0.612	0.572
112	0.61	0.576
113	0.607	0.579
114	0.604	0.582
115	0.602	0.586
116	0.599	0.589
117	0.596	0.592
118	0.594	0.596
119	0.591	0.599
120	0.589	0.602
121	0.586	0.605
122	0.584	0.608
123	0.581	0.611
124	0.579	0.615
125	0.576	0.618
126	0.574	0.621
127	0.571	0.624
128	0.569	0.627
129	0.566	0.63
130	0.564	0.633
131	0.562	0.636
132	0.559	0.638
133	0.557	0.641
134	0.554	0.644
135	0.552	0.647
136	0.55	0.65
137	0.548	0.652
138	0.545	0.655
139	0.543	0.658
140	0.541	0.66
141	0.538	0.663
142	0.536	0.666
143	0.534	0.668
144	0.532	0.671
145	0.53	0.673
146	0.527	0.676
147	0.525	0.678
148	0.523	0.681
149	0.521	0.683
150	0.519	0.686
151	0.517	0.688
152	0.515	0.691
153	0.513	0.693
154	0.51	0.695
155	0.508	0.698
156	0.506	0.7
157	0.504	0.702
158	0.502	0.705
159	0.5	0.707
160	0.498	0.709
161	0.496	0.711
162	0.494	0.713
163	0.492	0.715
164	0.49	0.718
165	0.489	0.72
166	0.487	0.722
167	0.485	0.724
168	0.483	0.726
169	0.481	0.728
170	0.479	0.73
171	0.477	0.732
172	0.475	0.734
173	0.473	0.736
174	0.472	0.738
175	0.47	0.74
176	0.468	0.742
177	0.466	0.744
178	0.464	0.745
179	0.463	0.747
180	0.461	0.749
181	0.459	0.751
182	0.457	0.753
183	0.456	0.755
184	0.454	0.756
185	0.452	0.758
186	0.451	0.76
187	0.449	0.762
188	0.447	0.763
189	0.446	0.765
190	0.444	0.767
191	0.442	0.768
192	0.441	0.77
193	0.439	0.772
194	0.437	0.773
195	0.436	0.775
196	0.434	0.776
197	0.433	0.778
198	0.431	0.779
199	0.429	0.781
200	0.428	0.782
201	0.426	0.784
202	0.425	0.785
203	0.423	0.787
204	0.422	0.788
205	0.42	0.79
206	0.419	0.791
207	0.417	0.793
208	0.416	0.794
209	0.414	0.796
210	0.413	0.797
211	0.411	0.798
212	0.41	0.8
213	0.409	0.801
214	0.407	0.802
215	0.406	0.804
216	0.404	0.805
217	0.403	0.806
218	0.401	0.808
219	0.4	0.809
220	0.399	0.81
221	0.397	0.811
222	0.396	0.813
223	0.395	0.814
224	0.393	0.815
225	0.392	0.816
226	0.391	0.818
227	0.389	0.819
228	0.388	0.82
229	0.387	0.821
230	0.385	0.822
231	0.384	0.823
232	0.383	0.825
233	0.382	0.826
234	0.38	0.827
235	0.379	0.828
236	0.378	0.829
237	0.376	0.83
238	0.375	0.831
239	0.374	0.832
240	0.373	0.833
241	0.372	0.834
242	0.37	0.836
243	0.369	0.837
244	0.368	0.838
245	0.367	0.839
246	0.366	0.84
247	0.364	0.841
248	0.363	0.842
249	0.362	0.843
250	0.361	0.844
251	0.36	0.845
252	0.359	0.845
253	0.357	0.846
254	0.356	0.847
255	0.355	0.848
256	0.354	0.849
257	0.353	0.85
258	0.352	0.851
259	0.351	0.852
260	0.35	0.853
261	0.349	0.854
262	0.348	0.855
263	0.346	0.856
264	0.345	0.856
265	0.344	0.857
266	0.343	0.858
267	0.342	0.859
268	0.341	0.86
269	0.34	0.861
270	0.339	0.861
271	0.338	0.862
272	0.337	0.863
273	0.336	0.864
274	0.335	0.865
275	0.334	0.866
276	0.333	0.866
277	0.332	0.867
278	0.331	0.868
279	0.33	0.869
280	0.329	0.869
281	0.328	0.87
282	0.327	0.871
283	0.326	0.872
284	0.325	0.872
285	0.324	0.873
286	0.323	0.874
287	0.322	0.875
288	0.321	0.875
289	0.32	0.876
290	0.32	0.877
291	0.319	0.877
292	0.318	0.878
293	0.317	0.879
294	0.316	0.879
295	0.315	0.88
296	0.314	0.881
297	0.313	0.881
298	0.312	0.882
299	0.311	0.883
300	0.311	0.883
301	0.31	0.884
302	0.309	0.885
303	0.308	0.885
304	0.307	0.886
305	0.306	0.887
306	0.305	0.887
307	0.304	0.888
308	0.304	0.888
309	0.303	0.889
310	0.302	0.89
311	0.301	0.89
312	0.3	0.891
313	0.299	0.891
314	0.299	0.892
315	0.298	0.893
316	0.297	0.893
317	0.296	0.894
318	0.295	0.894
319	0.295	0.895
320	0.294	0.895
321	0.293	0.896
322	0.292	0.896
323	0.291	0.897
324	0.291	0.898
325	0.29	0.898
326	0.289	0.899
327	0.288	0.899
328	0.288	0.9
329	0.287	0.9
330	0.286	0.901
331	0.285	0.901
332	0.285	0.902
333	0.284	0.902
334	0.283	0.903
335	0.282	0.903
336	0.282	0.904
337	0.281	0.904
338	0.28	0.905
339	0.279	0.905
340	0.279	0.906
341	0.278	0.906
342	0.277	0.907
343	0.277	0.907
344	0.276	0.908
345	0.275	0.908
346	0.274	0.908
347	0.274	0.909
348	0.273	0.909
349	0.272	0.91
350	0.272	0.91
351	0.271	0.911
352	0.27	0.911
353	0.27	0.912
354	0.269	0.912
355	0.268	0.912
356	0.268	0.913
357	0.267	0.913
358	0.266	0.914
359	0.266	0.914
360	0.265	0.915
361	0.264	0.915
362	0.264	0.915
363	0.263	0.916
364	0.262	0.916
365	0.262	0.917
366	0.261	0.917
367	0.26	0.917
368	0.26	0.918
369	0.259	0.918
370	0.259	0.919
371	0.258	0.919
372	0.257	0.919
373	0.257	0.92
374	0.256	0.92
375	0.256	0.921
376	0.255	0.921
377	0.254	0.921
378	0.254	0.922
379	0.253	0.922
380	0.253	0.922
381	0.252	0.923
382	0.251	0.923
383	0.251	0.923
384	0.25	0.924
385	0.25	0.924
386	0.249	0.924
387	0.248	0.925
388	0.248	0.925
389	0.247	0.926
390	0.247	0.926
391	0.246	0.926
392	0.246	0.927
393	0.245	0.927
394	0.244	0.927
395	0.244	0.928
396	0.243	0.928
397	0.243	0.928
398	0.242	0.929
399	0.242	0.929
400	0.241	0.929
401	0.241	0.929
402	0.24	0.93
403	0.239	0.93
404	0.239	0.93
405	0.238	0.931
406	0.238	0.931
407	0.237	0.931
408	0.237	0.932
409	0.236	0.932
410	0.236	0.932
411	0.235	0.933
412	0.235	0.933
413	0.234	0.933
414	0.234	0.933
415	0.233	0.934
416	0.233	0.934
417	0.232	0.934
418	0.232	0.935
419	0.231	0.935
420	0.231	0.935
421	0.23	0.935
422	0.23	0.936
423	0.229	0.936
424	0.229	0.936
425	0.228	0.936
426	0.228	0.937
427	0.227	0.937
428	0.227	0.937
429	0.226	0.938
430	0.226	0.938
431	0.225	0.938
432	0.225	0.938
433	0.224	0.939
434	0.224	0.939
435	0.223	0.939
436	0.223	0.939
437	0.222	0.94
438	0.222	0.94
439	0.221	0.94
440	0.221	0.94
441	0.22	0.941
442	0.22	0.941
443	0.22	0.941
444	0.219	0.941
445	0.219	0.942
446	0.218	0.942
447	0.218	0.942
448	0.217	0.942
449	0.217	0.943
450	0.216	0.943
451	0.216	0.943
452	0.216	0.943
453	0.215	0.943
454	0.215	0.944
455	0.214	0.944
456	0.214	0.944
457	0.213	0.944
458	0.213	0.945
459	0.212	0.945
460	0.212	0.945
461	0.212	0.945
462	0.211	0.945
463	0.211	0.946
464	0.21	0.946
465	0.21	0.946
466	0.21	0.946
467	0.209	0.947
468	0.209	0.947
469	0.208	0.947
470	0.208	0.947
471	0.207	0.947
472	0.207	0.948
473	0.207	0.948
474	0.206	0.948
475	0.206	0.948
476	0.205	0.948
477	0.205	0.949
478	0.205	0.949
479	0.204	0.949
480	0.204	0.949
481	0.203	0.949
482	0.203	0.95
483	0.203	0.95
484	0.202	0.95
485	0.202	0.95
486	0.201	0.95
487	0.201	0.951
488	0.201	0.951
489	0.2	0.951
490	0.2	0.951
491	0.2	0.951
492	0.199	0.951
493	0.199	0.952
494	0.198	0.952
495	0.198	0.952
496	0.198	0.952
497	0.197	0.952
498	0.197	0.953
499	0.197	0.953
500	0.196	0.953
501	0.196	0.953
502	0.195	0.953
503	0.195	0.953
504	0.195	0.954
505	0.194	0.954
506	0.194	0.954
507	0.194	0.954
508	0.193	0.954
509	0.193	0.954
510	0.193	0.955
511	0.192	0.955
512	0.192	0.955
513	0.192	0.955
514	0.191	0.955
515	0.191	0.955
516	0.19	0.956
517	0.19	0.956
518	0.19	0.956
519	0.189	0.956
520	0.189	0.956
521	0.189	0.956
522	0.188	0.957
523	0.188	0.957
524	0.188	0.957
525	0.187	0.957
526	0.187	0.957
527	0.187	0.957
528	0.186	0.957
529	0.186	0.958
530	0.186	0.958
531	0.185	0.958
532	0.185	0.958
533	0.185	0.958
534	0.184	0.958
535	0.184	0.958
536	0.184	0.959
537	0.183	0.959
538	0.183	0.959
539	0.183	0.959
540	0.182	0.959
541	0.182	0.959
542	0.182	0.959
543	0.182	0.96
544	0.181	0.96
545	0.181	0.96
546	0.181	0.96
547	0.18	0.96
548	0.18	0.96
549	0.18	0.96
550	0.179	0.961
551	0.179	0.961
552	0.179	0.961
553	0.178	0.961
554	0.178	0.961
555	0.178	0.961
556	0.177	0.961
557	0.177	0.962
558	0.177	0.962
559	0.177	0.962
560	0.176	0.962
561	0.176	0.962
562	0.176	0.962
563	0.175	0.962
564	0.175	0.962
565	0.175	0.963
566	0.175	0.963
567	0.174	0.963
568	0.174	0.963
569	0.174	0.963
570	0.173	0.963
571	0.173	0.963
572	0.173	0.963
573	0.172	0.964
574	0.172	0.964
575	0.172	0.964
576	0.172	0.964
577	0.171	0.964
578	0.171	0.964
579	0.171	0.964
580	0.17	0.964
581	0.17	0.964
582	0.17	0.965
583	0.17	0.965
584	0.169	0.965
585	0.169	0.965
586	0.169	0.965
587	0.169	0.965
588	0.168	0.965
589	0.168	0.965
590	0.168	0.965
591	0.167	0.966
592	0.167	0.966
593	0.167	0.966
594	0.167	0.966
595	0.166	0.966
596	0.166	0.966
597	0.166	0.966
598	0.166	0.966
599	0.165	0.966
600	0.165	0.967
601	0.165	0.967
602	0.165	0.967
603	0.164	0.967
604	0.164	0.967
605	0.164	0.967
606	0.164	0.967
607	0.163	0.967
608	0.163	0.967
609	0.163	0.968
610	0.162	0.968
611	0.162	0.968
612	0.162	0.968
613	0.162	0.968
614	0.161	0.968
615	0.161	0.968
616	0.161	0.968
617	0.161	0.968
618	0.16	0.968
619	0.16	0.968
620	0.16	0.969
621	0.16	0.969
622	0.159	0.969
623	0.159	0.969
624	0.159	0.969
625	0.159	0.969
626	0.158	0.969
627	0.158	0.969
628	0.158	0.969
629	0.158	0.969
630	0.158	0.97
631	0.157	0.97
632	0.157	0.97
633	0.157	0.97
634	0.157	0.97
635	0.156	0.97
636	0.156	0.97
637	0.156	0.97
638	0.156	0.97
639	0.155	0.97
640	0.155	0.97
641	0.155	0.971
642	0.155	0.971
643	0.154	0.971
644	0.154	0.971
645	0.154	0.971
646	0.154	0.971
647	0.154	0.971
648	0.153	0.971
649	0.153	0.971
650	0.153	0.971
651	0.153	0.971
652	0.152	0.971
653	0.152	0.972
654	0.152	0.972
655	0.152	0.972
656	0.152	0.972
657	0.151	0.972
658	0.151	0.972
659	0.151	0.972
660	0.151	0.972
661	0.15	0.972
662	0.15	0.972
663	0.15	0.972
664	0.15	0.972
665	0.15	0.973
666	0.149	0.973
667	0.149	0.973
668	0.149	0.973
669	0.149	0.973
670	0.148	0.973
671	0.148	0.973
672	0.148	0.973
673	0.148	0.973
674	0.148	0.973
675	0.147	0.973
676	0.147	0.973
677	0.147	0.973
678	0.147	0.974
679	0.147	0.974
680	0.146	0.974
681	0.146	0.974
682	0.146	0.974
683	0.146	0.974
684	0.146	0.974
685	0.145	0.974
686	0.145	0.974
687	0.145	0.974
688	0.145	0.974
689	0.145	0.974
690	0.144	0.974
691	0.144	0.974
692	0.144	0.975
693	0.144	0.975
694	0.144	0.975
695	0.143	0.975
696	0.143	0.975
697	0.143	0.975
698	0.143	0.975
699	0.143	0.975
700	0.142	0.975
701	0.142	0.975
702	0.142	0.975
703	0.142	0.975
704	0.142	0.975
705	0.141	0.975
706	0.141	0.976
707	0.141	0.976
708	0.141	0.976
709	0.141	0.976
710	0.14	0.976
711	0.14	0.976
712	0.14	0.976
713	0.14	0.976
714	0.14	0.976
715	0.139	0.976
716	0.139	0.976
717	0.139	0.976
718	0.139	0.976
719	0.139	0.976
720	0.138	0.976
721	0.138	0.976
722	0.138	0.977
723	0.138	0.977
724	0.138	0.977
725	0.138	0.977
726	0.137	0.977
727	0.137	0.977
728	0.137	0.977
729	0.137	0.977
730	0.137	0.977
731	0.136	0.977
732	0.136	0.977
733	0.136	0.977
734	0.136	0.977
735	0.136	0.977
736	0.136	0.977
737	0.135	0.977
738	0.135	0.978
739	0.135	0.978
740	0.135	0.978
741	0.135	0.978
742	0.135	0.978
743	0.134	0.978
744	0.134	0.978
745	0.134	0.978
746	0.134	0.978
747	0.134	0.978
748	0.133	0.978
749	0.133	0.978
750	0.133	0.978
751	0.133	0.978
752	0.133	0.978
753	0.133	0.978
754	0.132	0.978
755	0.132	0.978
756	0.132	0.979
757	0.132	0.979
758	0.132	0.979
759	0.132	0.979
760	0.131	0.979
761	0.131	0.979
762	0.131	0.979
763	0.131	0.979
764	0.131	0.979
765	0.131	0.979
766	0.13	0.979
767	0.13	0.979
768	0.13	0.979
769	0.13	0.979
770	0.13	0.979
771	0.13	0.979
772	0.129	0.979
773	0.129	0.979
774	0.129	0.98
775	0.129	0.98
776	0.129	0.98
777	0.129	0.98
778	0.128	0.98
779	0.128	0.98
780	0.128	0.98
781	0.128	0.98
782	0.128	0.98
783	0.128	0.98
784	0.128	0.98
785	0.127	0.98
786	0.127	0.98
787	0.127	0.98
788	0.127	0.98
789	0.127	0.98
790	0.127	0.98
791	0.126	0.98
792	0.126	0.98
793	0.126	0.98
794	0.126	0.98
795	0.126	0.981
796	0.126	0.981
797	0.125	0.981
798	0.125	0.981
799	0.125	0.981
800	0.125	0.981
801	0.125	0.981
802	0.125	0.981
803	0.125	0.981
804	0.124	0.981
805	0.124	0.981
806	0.124	0.981
807	0.124	0.981
808	0.124	0.981
809	0.124	0.981
810	0.124	0.981
811	0.123	0.981
812	0.123	0.981
813	0.123	0.981
814	0.123	0.981
815	0.123	0.981
816	0.123	0.982
817	0.122	0.982
818	0.122	0.982
819	0.122	0.982
820	0.122	0.982
821	0.122	0.982
822	0.122	0.982
823	0.122	0.982
824	0.121	0.982
825	0.121	0.982
826	0.121	0.982
827	0.121	0.982
828	0.121	0.982
829	0.121	0.982
830	0.121	0.982
831	0.12	0.982
832	0.12	0.982
833	0.12	0.982
834	0.12	0.982
835	0.12	0.982
836	0.12	0.982
837	0.12	0.982
838	0.119	0.982
839	0.119	0.982
840	0.119	0.983
841	0.119	0.983
842	0.119	0.983
843	0.119	0.983
844	0.119	0.983
845	0.119	0.983
846	0.118	0.983
847	0.118	0.983
848	0.118	0.983
849	0.118	0.983
850	0.118	0.983
851	0.118	0.983
852	0.118	0.983
853	0.117	0.983
854	0.117	0.983
855	0.117	0.983
856	0.117	0.983
857	0.117	0.983
858	0.117	0.983
859	0.117	0.983
860	0.116	0.983
861	0.116	0.983
862	0.116	0.983
863	0.116	0.983
864	0.116	0.983
865	0.116	0.983
866	0.116	0.984
867	0.116	0.984
868	0.115	0.984
869	0.115	0.984
870	0.115	0.984
871	0.115	0.984
872	0.115	0.984
873	0.115	0.984
874	0.115	0.984
875	0.115	0.984
876	0.114	0.984
877	0.114	0.984
878	0.114	0.984
879	0.114	0.984
880	0.114	0.984
881	0.114	0.984
882	0.114	0.984
883	0.114	0.984
884	0.113	0.984
885	0.113	0.984
886	0.113	0.984
887	0.113	0.984
888	0.113	0.984
889	0.113	0.984
890	0.113	0.984
891	0.113	0.984
892	0.112	0.984
893	0.112	0.984
894	0.112	0.985
895	0.112	0.985
896	0.112	0.985
897	0.112	0.985
898	0.112	0.985
899	0.112	0.985
900	0.111	0.985
901	0.111	0.985
902	0.111	0.985
903	0.111	0.985
904	0.111	0.985
905	0.111	0.985
906	0.111	0.985
907	0.111	0.985
908	0.11	0.985
909	0.11	0.985
910	0.11	0.985
911	0.11	0.985
912	0.11	0.985
913	0.11	0.985
914	0.11	0.985
915	0.11	0.985
916	0.11	0.985
917	0.109	0.985
918	0.109	0.985
919	0.109	0.985
920	0.109	0.985
921	0.109	0.985
922	0.109	0.985
923	0.109	0.985
924	0.109	0.985
925	0.108	0.986
926	0.108	0.986
927	0.108	0.986
928	0.108	0.986
929	0.108	0.986
930	0.108	0.986
931	0.108	0.986
932	0.108	0.986
933	0.108	0.986
934	0.107	0.986
935	0.107	0.986
936	0.107	0.986
937	0.107	0.986
938	0.107	0.986
939	0.107	0.986
940	0.107	0.986
941	0.107	0.986
942	0.107	0.986
943	0.106	0.986
944	0.106	0.986
945	0.106	0.986
946	0.106	0.986
947	0.106	0.986
948	0.106	0.986
949	0.106	0.986
950	0.106	0.986
951	0.106	0.986
952	0.105	0.986
953	0.105	0.986
954	0.105	0.986
955	0.105	0.986
956	0.105	0.986
957	0.105	0.986
958	0.105	0.986
959	0.105	0.987
960	0.105	0.987
961	0.104	0.987
962	0.104	0.987
963	0.104	0.987
964	0.104	0.987
965	0.104	0.987
966	0.104	0.987
967	0.104	0.987
968	0.104	0.987
969	0.104	0.987
970	0.104	0.987
971	0.103	0.987
972	0.103	0.987
973	0.103	0.987
974	0.103	0.987
975	0.103	0.987
976	0.103	0.987
977	0.103	0.987
978	0.103	0.987
979	0.103	0.987
980	0.102	0.987
981	0.102	0.987
982	0.102	0.987
983	0.102	0.987
984	0.102	0.987
985	0.102	0.987
986	0.102	0.987
987	0.102	0.987
988	0.102	0.987
989	0.102	0.987
990	0.101	0.987
991	0.101	0.987
992	0.101	0.987
993	0.101	0.987
994	0.101	0.987
995	0.101	0.987
996	0.101	0.987
997	0.101	0.987
998	0.101	0.988
999	0.101	0.988
